15 0.614815 0.672973 0.051852 0.048649
15 0.616667 0.737838 0.048148 0.048649
15 0.609259 0.802703 0.048148 0.048649
15 0.872222 0.702703 0.048148 0.064865
15 0.916667 0.694595 0.048148 0.081081
15 0.820370 0.575676 0.040741 0.059459
15 0.812963 0.502703 0.040741 0.054054
15 0.883333 0.554054 0.040741 0.059459
15 0.887037 0.510811 0.048148 0.048649
15 0.664815 0.321622 0.040741 0.059459
15 0.696296 0.318919 0.037037 0.054054
15 0.588889 0.345946 0.051852 0.054054
15 0.572222 0.410811 0.040741 0.054054
15 0.611111 0.400000 0.044444 0.054054
15 0.583333 0.451351 0.040741 0.037838
15 0.644444 0.462162 0.051852 0.048649
15 0.594444 0.516216 0.062963 0.059459
15 0.550000 0.486486 0.055556 0.054054
15 0.246296 0.281081 0.055556 0.064865
15 0.166667 0.378378 0.022222 0.043243
15 0.203704 0.381081 0.044444 0.059459
15 0.105556 0.408108 0.055556 0.048649
15 0.138889 0.351351 0.033333 0.043243
15 0.507407 0.159459 0.044444 0.059459
15 0.522222 0.124324 0.044444 0.054054
15 0.692593 0.051351 0.059259 0.070270
15 0.607407 0.137838 0.044444 0.059459
15 0.792593 0.327027 0.051852 0.059459
15 0.909259 0.137838 0.025926 0.048649
15 0.850000 0.205405 0.048148 0.054054
15 0.900000 0.297297 0.029630 0.043243
15 0.950000 0.362162 0.040741 0.043243
15 0.970370 0.205405 0.037037 0.032432
15 0.383333 0.170270 0.033333 0.059459
15 0.431481 0.097297 0.040741 0.064865
15 0.385185 0.037838 0.044444 0.043243
15 0.244444 0.070270 0.029630 0.043243
15 0.253704 0.175676 0.048148 0.059459
15 0.055556 0.491892 0.037037 0.043243
15 0.096296 0.564865 0.022222 0.037838
15 0.100000 0.205405 0.051852 0.054054
15 0.131481 0.135135 0.055556 0.075676
15 0.201852 0.081081 0.040741 0.075676
15 0.720370 0.183784 0.048148 0.075676
15 0.703704 0.408108 0.066667 0.081081
15 0.790741 0.397297 0.048148 0.059459
15 0.368519 0.505405 0.033333 0.027027
15 0.581481 0.618919 0.051852 0.059459
