15 0.683333 0.329730 0.166667 0.227027
15 0.551852 0.713514 0.200000 0.313514
15 0.362963 0.735135 0.200000 0.335135
15 0.525926 0.116216 0.059259 0.081081
15 0.501852 0.202703 0.055556 0.081081
15 0.512963 0.043243 0.048148 0.064865
15 0.770370 0.183784 0.096296 0.118919
15 0.751852 0.727027 0.066667 0.102703
15 0.637037 0.837838 0.051852 0.075676
15 0.951852 0.767568 0.074074 0.108108
15 0.905556 0.913514 0.062963 0.097297
15 0.935185 0.208108 0.085185 0.113514
16 0.881481 0.600000 0.066667 0.097297
