15 0.944444 0.427027 0.088889 0.108108
15 0.925926 0.718919 0.066667 0.086486
15 0.968519 0.862162 0.062963 0.091892
15 0.716667 0.886486 0.085185 0.097297
15 0.746296 0.497297 0.070370 0.086486
15 0.664815 0.559459 0.077778 0.091892
15 0.690741 0.408108 0.070370 0.081081
15 0.981481 0.721622 0.037037 0.091892
15 0.870370 0.967568 0.088889 0.064865
15 0.522222 0.818919 0.074074 0.081081
15 0.407407 0.770270 0.074074 0.081081
15 0.342593 0.516216 0.070370 0.091892
15 0.251852 0.156757 0.066667 0.075676
15 0.185185 0.162162 0.066667 0.097297
15 0.055556 0.227027 0.059259 0.075676
15 0.070370 0.110811 0.081481 0.113514
15 0.101852 0.702703 0.070370 0.075676
15 0.138889 0.935135 0.062963 0.086486
15 0.129630 0.472973 0.066667 0.070270
15 0.251852 0.456757 0.074074 0.091892
15 0.264815 0.340541 0.055556 0.075676
15 0.220370 0.286486 0.048148 0.075676
15 0.314815 0.705405 0.066667 0.091892
15 0.516667 0.486486 0.048148 0.075676
15 0.581481 0.397297 0.081481 0.102703
