15 0.055556 0.154054 0.059259 0.102703
15 0.288889 0.175676 0.066667 0.081081
15 0.048148 0.418919 0.044444 0.059459
15 0.122222 0.408108 0.044444 0.059459
15 0.657407 0.337838 0.055556 0.059459
15 0.672222 0.143243 0.055556 0.070270
15 0.666667 0.227027 0.066667 0.064865
15 0.774074 0.094595 0.066667 0.091892
15 0.753704 0.224324 0.040741 0.059459
15 0.900000 0.327027 0.044444 0.059459
15 0.835185 0.362162 0.070370 0.075676
15 0.805556 0.524324 0.070370 0.075676
15 0.716667 0.632432 0.062963 0.075676
15 0.683333 0.751351 0.040741 0.054054
15 0.351852 0.291892 0.066667 0.075676
15 0.201852 0.316216 0.055556 0.081081
15 0.362963 0.440541 0.044444 0.048649
15 0.505556 0.421622 0.055556 0.064865
15 0.540741 0.513514 0.074074 0.064865
15 0.500000 0.567568 0.059259 0.054054
15 0.618519 0.516216 0.066667 0.048649
15 0.224074 0.475676 0.040741 0.064865
15 0.137037 0.567568 0.044444 0.064865
15 0.050000 0.681081 0.062963 0.043243
15 0.138889 0.840541 0.048148 0.059459
15 0.114815 0.797297 0.059259 0.059459
15 0.207407 0.589189 0.051852 0.054054
15 0.433333 0.724324 0.037037 0.054054
15 0.512963 0.756757 0.048148 0.054054
15 0.583333 0.824324 0.033333 0.048649
15 0.901852 0.721622 0.062963 0.070270
15 0.922222 0.572973 0.051852 0.086486
15 0.966667 0.527027 0.051852 0.070270
15 0.961111 0.451351 0.055556 0.081081
15 0.977778 0.232432 0.044444 0.064865
15 0.053704 0.064865 0.077778 0.075676
15 0.431481 0.145946 0.070370 0.086486
15 0.111111 0.691892 0.037037 0.064865
15 0.429630 0.448649 0.037037 0.075676
15 0.707407 0.500000 0.044444 0.048649
15 0.714815 0.554054 0.066667 0.048649
15 0.646296 0.454054 0.048148 0.064865
15 0.601852 0.400000 0.040741 0.054054
15 0.809259 0.708108 0.062963 0.075676
15 0.227778 0.732432 0.048148 0.059459
15 0.020370 0.764865 0.033333 0.059459
15 0.120370 0.032432 0.048148 0.054054
15 0.535185 0.135135 0.040741 0.064865
15 0.520370 0.035135 0.055556 0.059459
15 0.500000 0.251351 0.044444 0.059459
15 0.450000 0.310811 0.055556 0.048649
15 0.418519 0.267568 0.051852 0.059459
15 0.229630 0.418919 0.051852 0.070270
15 0.318519 0.364865 0.059259 0.059459
