15 0.496296 0.543243 0.037037 0.048649
15 0.496296 0.454054 0.044444 0.043243
15 0.212963 0.424324 0.033333 0.048649
15 0.194444 0.243243 0.040741 0.043243
15 0.150000 0.210811 0.033333 0.032432
15 0.112963 0.302703 0.033333 0.032432
15 0.037037 0.300000 0.037037 0.037838
15 0.105556 0.183784 0.033333 0.032432
15 0.172222 0.108108 0.040741 0.043243
15 0.125926 0.137838 0.029630 0.037838
15 0.729630 0.394595 0.037037 0.043243
15 0.762963 0.448649 0.029630 0.043243
15 0.872222 0.416216 0.033333 0.043243
15 0.955556 0.391892 0.029630 0.037838
15 0.925926 0.435135 0.022222 0.037838
15 0.874074 0.467568 0.022222 0.037838
15 0.887037 0.364865 0.025926 0.037838
15 0.220370 0.372973 0.033333 0.032432
15 0.194444 0.337838 0.033333 0.037838
15 0.183333 0.386486 0.025926 0.048649
15 0.170370 0.164865 0.029630 0.037838
15 0.427778 0.713514 0.033333 0.032432
15 0.412963 0.778378 0.033333 0.043243
15 0.350000 0.427027 0.033333 0.032432
15 0.474074 0.105405 0.029630 0.037838
15 0.435185 0.262162 0.033333 0.048649
15 0.464815 0.251351 0.033333 0.037838
15 0.657407 0.210811 0.025926 0.032432
15 0.714815 0.202703 0.029630 0.048649
15 0.633333 0.548649 0.037037 0.048649
15 0.725926 0.521622 0.029630 0.048649
15 0.716667 0.575676 0.033333 0.037838
15 0.311111 0.454054 0.037037 0.032432
15 0.301852 0.162162 0.033333 0.043243
15 0.242593 0.170270 0.025926 0.037838
15 0.285185 0.037838 0.037037 0.043243
15 0.488889 0.037838 0.029630 0.043243
15 0.403704 0.062162 0.029630 0.037838
15 0.727778 0.683784 0.033333 0.037838
15 0.551852 0.656757 0.037037 0.048649
