15 0.516667 0.159459 0.033333 0.048649
15 0.535185 0.108108 0.025926 0.032432
15 0.674074 0.067568 0.037037 0.048649
15 0.685185 0.281081 0.029630 0.043243
15 0.437037 0.172973 0.037037 0.032432
15 0.387037 0.189189 0.033333 0.043243
15 0.138889 0.162162 0.025926 0.032432
15 0.162963 0.110811 0.029630 0.037838
15 0.118519 0.102703 0.029630 0.032432
15 0.357407 0.237838 0.025926 0.032432
15 0.431481 0.224324 0.025926 0.027027
15 0.574074 0.043243 0.022222 0.032432
15 0.950000 0.208108 0.033333 0.048649
15 0.961111 0.056757 0.025926 0.037838
15 0.940741 0.040541 0.022222 0.037838
15 0.850000 0.048649 0.025926 0.043243
15 0.722222 0.713514 0.029630 0.043243
15 0.268519 0.237838 0.033333 0.043243
15 0.746296 0.640541 0.033333 0.037838
15 0.409259 0.524324 0.033333 0.043243
15 0.400000 0.313514 0.029630 0.043243
15 0.424074 0.410811 0.033333 0.054054
15 0.666667 0.018919 0.029630 0.027027
