15 0.490741 0.432432 0.055556 0.097297
15 0.437037 0.435135 0.059259 0.081081
15 0.414815 0.554054 0.037037 0.070270
15 0.635185 0.572973 0.040741 0.064865
15 0.894444 0.421622 0.033333 0.054054
15 0.861111 0.440541 0.040741 0.048649
15 0.872222 0.491892 0.040741 0.054054
15 0.838889 0.670270 0.048148 0.097297
15 0.761111 0.413514 0.048148 0.048649
15 0.616667 0.483784 0.040741 0.059459
15 0.537037 0.529730 0.037037 0.054054
15 0.538889 0.621622 0.048148 0.054054
15 0.514815 0.659459 0.037037 0.064865
15 0.362963 0.181081 0.059259 0.081081
15 0.272222 0.318919 0.055556 0.043243
15 0.237037 0.394595 0.037037 0.064865
15 0.057407 0.686486 0.040741 0.064865
15 0.014815 0.589189 0.022222 0.075676
15 0.142593 0.700000 0.062963 0.070270
15 0.185185 0.724324 0.044444 0.054054
15 0.231481 0.713514 0.048148 0.064865
15 0.287037 0.772973 0.040741 0.064865
15 0.542593 0.905405 0.040741 0.070270
15 0.057407 0.372973 0.040741 0.064865
15 0.377778 0.656757 0.051852 0.059459
15 0.553704 0.454054 0.033333 0.054054
