15 0.127778 0.248649 0.055556 0.064865
15 0.179630 0.262162 0.048148 0.070270
15 0.124074 0.381081 0.077778 0.102703
15 0.187037 0.397297 0.048148 0.059459
15 0.188889 0.743243 0.044444 0.070270
15 0.507407 0.800000 0.037037 0.054054
15 0.551852 0.808108 0.037037 0.048649
15 0.603704 0.783784 0.044444 0.064865
15 0.540741 0.751351 0.044444 0.043243
15 0.642593 0.510811 0.055556 0.081081
15 0.674074 0.297297 0.059259 0.064865
15 0.675926 0.359459 0.055556 0.059459
15 0.859259 0.470270 0.066667 0.064865
15 0.881481 0.600000 0.066667 0.075676
15 0.866667 0.800000 0.051852 0.075676
15 0.918519 0.843243 0.066667 0.075676
15 0.890741 0.921622 0.062963 0.081081
15 0.729630 0.862162 0.044444 0.070270
15 0.762963 0.216216 0.044444 0.043243
15 0.829630 0.175676 0.044444 0.059459
15 0.975926 0.075676 0.048148 0.097297
15 0.046296 0.756757 0.062963 0.075676
15 0.050000 0.356757 0.048148 0.064865
15 0.081481 0.081081 0.051852 0.054054
