15 0.340741 0.216216 0.133333 0.183784
15 0.435185 0.345946 0.100000 0.118919
15 0.796296 0.243243 0.111111 0.162162
15 0.875926 0.372973 0.085185 0.129730
15 0.770370 0.510811 0.096296 0.135135
15 0.931481 0.529730 0.100000 0.140541
15 0.961111 0.713514 0.077778 0.129730
15 0.651852 0.462162 0.051852 0.070270
15 0.675926 0.518919 0.040741 0.064865
15 0.703704 0.575676 0.044444 0.059459
15 0.279630 0.581081 0.114815 0.145946
15 0.029630 0.627027 0.051852 0.162162
15 0.033333 0.189189 0.059259 0.140541
15 0.125926 0.489189 0.044444 0.070270
15 0.179630 0.278378 0.040741 0.070270
15 0.400000 0.432432 0.066667 0.086486
15 0.353704 0.729730 0.048148 0.064865
15 0.427778 0.840541 0.062963 0.070270
15 0.379630 0.854054 0.055556 0.075676
15 0.255556 0.118919 0.044444 0.054054
