15 0.177778 0.408108 0.088889 0.102703
17 0.888889 0.197297 0.088889 0.113514
15 0.735185 0.051351 0.100000 0.091892
15 0.329630 0.521622 0.066667 0.102703
15 0.251852 0.594595 0.081481 0.086486
15 0.229630 0.821622 0.074074 0.075676
15 0.337037 0.751351 0.059259 0.086486
17 0.581481 0.418919 0.111111 0.113514
16 0.166667 0.281081 0.111111 0.108108
15 0.601852 0.605405 0.092593 0.108108
15 0.418519 0.645946 0.103704 0.102703
15 0.574074 0.951351 0.081481 0.086486
15 0.505556 0.597297 0.070370 0.091892
17 0.453704 0.494595 0.085185 0.102703
17 0.922222 0.032432 0.088889 0.054054
17 0.431481 0.735135 0.077778 0.064865
17 0.662963 0.389189 0.066667 0.086486
