15 0.064815 0.370270 0.025926 0.037838
15 0.055556 0.400000 0.022222 0.054054
15 0.098148 0.459459 0.033333 0.043243
15 0.185185 0.470270 0.037037 0.043243
15 0.137037 0.627027 0.037037 0.054054
15 0.168519 0.583784 0.033333 0.032432
15 0.127778 0.183784 0.033333 0.043243
15 0.046296 0.170270 0.040741 0.059459
15 0.253704 0.189189 0.025926 0.032432
15 0.912963 0.021622 0.033333 0.032432
15 0.787037 0.913514 0.025926 0.032432
15 0.898148 0.789189 0.025926 0.032432
15 0.077778 0.808108 0.044444 0.037838
15 0.164815 0.016216 0.033333 0.021622
15 0.814815 0.016216 0.037037 0.021622
15 0.890741 0.367568 0.025926 0.043243
15 0.924074 0.175676 0.025926 0.037838
15 0.820370 0.527027 0.025926 0.027027
15 0.750000 0.600000 0.033333 0.032432
15 0.770370 0.370270 0.022222 0.037838
15 0.983333 0.370270 0.033333 0.048649
15 0.887037 0.689189 0.033333 0.048649
15 0.690741 0.816216 0.033333 0.032432
15 0.746296 0.802703 0.025926 0.027027
15 0.790741 0.767568 0.025926 0.043243
15 0.240741 0.648649 0.029630 0.043243
15 0.175926 0.856757 0.033333 0.037838
15 0.227778 0.837838 0.033333 0.054054
15 0.227778 0.154054 0.033333 0.027027
15 0.283333 0.405405 0.025926 0.032432
15 0.268519 0.451351 0.033333 0.037838
15 0.107407 0.375676 0.037037 0.048649
15 0.298148 0.564865 0.033333 0.048649
15 0.911111 0.497297 0.029630 0.043243
15 0.809259 0.151351 0.025926 0.043243
15 0.811111 0.064865 0.029630 0.043243
