15 0.720370 0.167568 0.092593 0.118919
15 0.905556 0.183784 0.092593 0.151351
15 0.903704 0.400000 0.088889 0.129730
15 0.701852 0.586486 0.092593 0.135135
15 0.851852 0.091892 0.081481 0.075676
15 0.814815 0.213514 0.074074 0.113514
15 0.787037 0.770270 0.077778 0.113514
15 0.700000 0.910811 0.059259 0.070270
15 0.712963 0.786486 0.055556 0.081081
15 0.592593 0.686486 0.066667 0.097297
15 0.527778 0.432432 0.062963 0.075676
15 0.407407 0.435135 0.074074 0.113514
15 0.346296 0.524324 0.077778 0.097297
15 0.290741 0.591892 0.077778 0.091892
15 0.166667 0.575676 0.074074 0.124324
15 0.027778 0.754054 0.048148 0.081081
15 0.075926 0.921622 0.062963 0.091892
15 0.037037 0.072973 0.066667 0.135135
15 0.214815 0.043243 0.096296 0.075676
15 0.112963 0.181081 0.070370 0.091892
15 0.125926 0.129730 0.051852 0.064865
15 0.314815 0.291892 0.066667 0.086486
15 0.374074 0.329730 0.051852 0.086486
15 0.153704 0.397297 0.062963 0.091892
15 0.018519 0.259459 0.029630 0.118919
15 0.503704 0.567568 0.066667 0.086486
15 0.387037 0.640541 0.048148 0.070270
15 0.462963 0.656757 0.044444 0.070270
