15 0.357407 0.121622 0.114815 0.113514
15 0.627778 0.235135 0.137037 0.113514
15 0.481481 0.343243 0.140741 0.113514
15 0.575926 0.451351 0.122222 0.124324
15 0.796296 0.548649 0.125926 0.102703
15 0.800000 0.670270 0.125926 0.086486
15 0.575926 0.721622 0.129630 0.124324
15 0.451852 0.718919 0.140741 0.118919
15 0.387037 0.708108 0.085185 0.108108
15 0.290741 0.464865 0.129630 0.086486
15 0.275926 0.545946 0.122222 0.075676
15 0.200000 0.367568 0.125926 0.097297
15 0.411111 0.224324 0.125926 0.102703
15 0.122222 0.772973 0.051852 0.043243
