15 0.905556 0.162162 0.092593 0.086486
15 0.642593 0.313514 0.077778 0.086486
15 0.598148 0.356757 0.062963 0.064865
15 0.674074 0.035135 0.074074 0.059459
15 0.283333 0.086486 0.048148 0.064865
15 0.166667 0.137838 0.044444 0.048649
15 0.185185 0.254054 0.037037 0.054054
15 0.398148 0.267568 0.033333 0.059459
15 0.444444 0.278378 0.037037 0.048649
15 0.501852 0.345946 0.033333 0.043243
15 0.788889 0.078378 0.074074 0.081081
15 0.698148 0.624324 0.048148 0.059459
15 0.627778 0.608108 0.033333 0.037838
15 0.562963 0.591892 0.029630 0.037838
15 0.564815 0.618919 0.025926 0.027027
15 0.601852 0.591892 0.040741 0.070270
15 0.409259 0.718919 0.055556 0.064865
15 0.479630 0.691892 0.048148 0.064865
15 0.288889 0.729730 0.044444 0.054054
15 0.362963 0.708108 0.037037 0.054054
15 0.455556 0.637838 0.044444 0.043243
15 0.331481 0.759459 0.040741 0.048649
15 0.407407 0.648649 0.029630 0.043243
15 0.370370 0.656757 0.044444 0.059459
15 0.579630 0.075676 0.040741 0.064865
