15 0.448148 0.413514 0.044444 0.048649
15 0.509259 0.318919 0.040741 0.054054
15 0.562963 0.229730 0.044444 0.048649
15 0.609259 0.327027 0.048148 0.048649
15 0.701852 0.529730 0.033333 0.054054
15 0.561111 0.591892 0.040741 0.059459
15 0.477778 0.483784 0.037037 0.059459
15 0.444444 0.483784 0.044444 0.048649
15 0.412963 0.664865 0.048148 0.054054
15 0.394444 0.713514 0.048148 0.043243
15 0.344444 0.710811 0.037037 0.059459
15 0.307407 0.786486 0.059259 0.059459
15 0.322222 0.848649 0.051852 0.043243
15 0.288889 0.883784 0.037037 0.048649
15 0.077778 0.135135 0.044444 0.054054
15 0.162963 0.043243 0.037037 0.054054
15 0.198148 0.072973 0.040741 0.048649
15 0.272222 0.051351 0.040741 0.037838
15 0.274074 0.083784 0.022222 0.037838
15 0.220370 0.162162 0.048148 0.054054
15 0.122222 0.429730 0.051852 0.059459
15 0.109259 0.600000 0.040741 0.054054
15 0.050000 0.529730 0.040741 0.054054
15 0.038889 0.318919 0.033333 0.043243
15 0.094444 0.324324 0.040741 0.054054
15 0.440741 0.816216 0.051852 0.064865
15 0.481481 0.648649 0.044444 0.064865
15 0.461111 0.737838 0.048148 0.059459
15 0.507407 0.559459 0.037037 0.048649
15 0.775926 0.724324 0.033333 0.043243
15 0.818519 0.375676 0.029630 0.037838
15 0.842593 0.610811 0.033333 0.043243
15 0.772222 0.445946 0.025926 0.037838
15 0.214815 0.337838 0.044444 0.059459
15 0.238889 0.308108 0.040741 0.064865
15 0.338889 0.302703 0.033333 0.064865
15 0.377778 0.310811 0.037037 0.048649
15 0.383333 0.372973 0.048148 0.054054
15 0.316667 0.413514 0.040741 0.059459
15 0.329630 0.367568 0.037037 0.054054
15 0.259259 0.213514 0.044444 0.048649
15 0.270370 0.262162 0.051852 0.059459
15 0.846296 0.421622 0.033333 0.032432
15 0.481481 0.356757 0.044444 0.064865
