17 0.512963 0.662162 0.048148 0.059459
17 0.555556 0.718919 0.044444 0.075676
17 0.461111 0.802703 0.048148 0.070270
17 0.418519 0.843243 0.044444 0.054054
17 0.401852 0.772973 0.048148 0.064865
17 0.385185 0.878378 0.037037 0.048649
17 0.446296 0.889189 0.048148 0.059459
17 0.494444 0.851351 0.040741 0.059459
17 0.500000 0.797297 0.044444 0.059459
17 0.496296 0.724324 0.051852 0.054054
17 0.757407 0.186486 0.048148 0.070270
17 0.724074 0.237838 0.040741 0.054054
17 0.705556 0.294595 0.055556 0.070270
17 0.585185 0.348649 0.066667 0.059459
17 0.535185 0.310811 0.055556 0.059459
17 0.592593 0.283784 0.051852 0.059459
17 0.644444 0.251351 0.051852 0.070270
17 0.594444 0.229730 0.040741 0.048649
17 0.551852 0.218919 0.051852 0.070270
