15 0.633333 0.237838 0.029630 0.043243
15 0.011111 0.659459 0.014815 0.032432
15 0.868519 0.572973 0.040741 0.054054
15 0.783333 0.545946 0.040741 0.054054
15 0.751852 0.559459 0.029630 0.048649
15 0.774074 0.594595 0.037037 0.043243
15 0.809259 0.572973 0.040741 0.043243
15 0.483333 0.659459 0.048148 0.054054
15 0.494444 0.721622 0.040741 0.048649
15 0.453704 0.764865 0.033333 0.048649
15 0.403704 0.618919 0.044444 0.037838
15 0.387037 0.654054 0.040741 0.043243
15 0.250000 0.386486 0.048148 0.070270
15 0.435185 0.367568 0.048148 0.054054
15 0.524074 0.110811 0.033333 0.037838
15 0.509259 0.075676 0.040741 0.043243
15 0.481481 0.097297 0.037037 0.043243
15 0.596296 0.027027 0.037037 0.043243
15 0.846296 0.464865 0.033333 0.043243
15 0.816667 0.451351 0.040741 0.037838
15 0.814815 0.494595 0.037037 0.059459
15 0.822222 0.408108 0.037037 0.037838
15 0.681481 0.340541 0.029630 0.032432
15 0.611111 0.375676 0.044444 0.048649
15 0.527778 0.348649 0.025926 0.027027
15 0.516667 0.300000 0.025926 0.027027
15 0.442593 0.175676 0.033333 0.037838
15 0.355556 0.481081 0.029630 0.043243
15 0.322222 0.494595 0.037037 0.048649
15 0.857407 0.848649 0.033333 0.032432
15 0.959259 0.759459 0.029630 0.037838
15 0.720370 0.835135 0.025926 0.048649
15 0.372222 0.856757 0.033333 0.048649
15 0.342593 0.843243 0.025926 0.043243
15 0.700000 0.832432 0.029630 0.043243
