19 0.833333 0.362162 0.074074 0.108108
19 0.933333 0.451351 0.074074 0.102703
19 0.909259 0.670270 0.055556 0.064865
19 0.946296 0.748649 0.062963 0.070270
19 0.885185 0.924324 0.074074 0.075676
19 0.253704 0.418919 0.144444 0.102703
19 0.253704 0.572973 0.100000 0.097297
19 0.292593 0.648649 0.074074 0.075676
19 0.359259 0.900000 0.059259 0.091892
19 0.437037 0.875676 0.066667 0.097297
19 0.859259 0.245946 0.118519 0.145946
19 0.566667 0.818919 0.059259 0.070270
19 0.516667 0.443243 0.351852 0.529730
19 0.668519 0.659459 0.174074 0.281081
