15 0.407407 0.200000 0.162963 0.205405
15 0.577778 0.270270 0.162963 0.205405
15 0.175926 0.370270 0.196296 0.210811
15 0.322222 0.594595 0.185185 0.216216
15 0.357407 0.810811 0.196296 0.216216
15 0.522222 0.510811 0.155556 0.189189
15 0.627778 0.543243 0.107407 0.167568
15 0.785185 0.545946 0.162963 0.183784
15 0.798148 0.881081 0.137037 0.151351
15 0.953704 0.683784 0.092593 0.124324
15 0.850000 0.202703 0.137037 0.145946
15 0.846296 0.337838 0.137037 0.102703
15 0.755556 0.383784 0.133333 0.118919
15 0.661111 0.048649 0.129630 0.086486
15 0.044444 0.956757 0.081481 0.086486
15 0.951852 0.481081 0.081481 0.108108
15 0.974074 0.908108 0.051852 0.140541
15 0.527778 0.975676 0.137037 0.048649
