15 0.696296 0.702703 0.066667 0.086486
15 0.688889 0.810811 0.051852 0.086486
15 0.733333 0.856757 0.066667 0.070270
15 0.820370 0.840541 0.048148 0.059459
15 0.901852 0.629730 0.070370 0.059459
15 0.966667 0.848649 0.037037 0.043243
15 0.135185 0.032432 0.055556 0.054054
15 0.124074 0.118919 0.040741 0.054054
15 0.261111 0.113514 0.040741 0.043243
15 0.231481 0.456757 0.048148 0.059459
15 0.255556 0.521622 0.044444 0.048649
15 0.194444 0.745946 0.048148 0.043243
15 0.157407 0.835135 0.040741 0.059459
15 0.222222 0.854054 0.044444 0.064865
15 0.220370 0.675676 0.048148 0.064865
15 0.396296 0.121622 0.029630 0.048649
15 0.168519 0.116216 0.025926 0.048649
15 0.640741 0.191892 0.029630 0.048649
