15 0.438889 0.113514 0.048148 0.054054
15 0.525926 0.151351 0.044444 0.086486
15 0.511111 0.210811 0.044444 0.064865
15 0.242593 0.345946 0.062963 0.075676
15 0.014815 0.662162 0.022222 0.037838
15 0.942593 0.881081 0.040741 0.064865
15 0.627778 0.937838 0.040741 0.048649
15 0.079630 0.237838 0.025926 0.043243
15 0.200000 0.100000 0.044444 0.070270
15 0.711111 0.045946 0.037037 0.070270
15 0.975926 0.200000 0.025926 0.043243
15 0.944444 0.162162 0.029630 0.043243
15 0.624074 0.172973 0.048148 0.064865
15 0.383333 0.205405 0.040741 0.054054
15 0.098148 0.516216 0.048148 0.059459
15 0.185185 0.481081 0.029630 0.043243
15 0.159259 0.478378 0.029630 0.037838
15 0.125926 0.432432 0.037037 0.043243
15 0.055556 0.651351 0.022222 0.037838
15 0.079630 0.710811 0.033333 0.037838
15 0.603704 0.445946 0.044444 0.070270
15 0.585185 0.510811 0.037037 0.048649
15 0.620370 0.505405 0.040741 0.070270
15 0.600000 0.564865 0.037037 0.070270
15 0.562963 0.616216 0.029630 0.064865
15 0.659259 0.583784 0.044444 0.054054
15 0.627778 0.602703 0.033333 0.059459
15 0.601852 0.662162 0.040741 0.059459
15 0.596296 0.783784 0.044444 0.043243
15 0.624074 0.845946 0.048148 0.070270
15 0.685185 0.410811 0.029630 0.064865
15 0.712963 0.400000 0.033333 0.054054
15 0.750000 0.394595 0.040741 0.054054
15 0.777778 0.356757 0.037037 0.054054
15 0.818519 0.410811 0.037037 0.064865
15 0.816667 0.489189 0.033333 0.037838
15 0.720370 0.510811 0.033333 0.059459
15 0.842593 0.645946 0.040741 0.059459
15 0.850000 0.729730 0.040741 0.064865
15 0.907407 0.897297 0.037037 0.075676
15 0.937037 0.813514 0.037037 0.048649
15 0.903704 0.821622 0.037037 0.054054
15 0.918519 0.708108 0.037037 0.054054
15 0.912963 0.643243 0.040741 0.054054
15 0.861111 0.570270 0.033333 0.048649
15 0.918519 0.600000 0.044444 0.054054
