15 0.940741 0.472973 0.066667 0.081081
15 0.614815 0.210811 0.051852 0.064865
15 0.705556 0.235135 0.048148 0.059459
15 0.653704 0.310811 0.062963 0.048649
15 0.503704 0.394595 0.051852 0.054054
15 0.438889 0.427027 0.033333 0.054054
15 0.472222 0.018919 0.025926 0.027027
15 0.659259 0.029730 0.037037 0.048649
15 0.012963 0.216216 0.018519 0.054054
15 0.362963 0.467568 0.029630 0.037838
15 0.355556 0.537838 0.029630 0.037838
15 0.468519 0.516216 0.033333 0.037838
15 0.890741 0.632432 0.033333 0.043243
15 0.812963 0.737838 0.033333 0.048649
15 0.655556 0.400000 0.037037 0.054054
15 0.748148 0.348649 0.051852 0.070270
15 0.512963 0.021622 0.033333 0.032432
15 0.555556 0.062162 0.037037 0.048649
15 0.583333 0.505405 0.040741 0.037838
15 0.629630 0.572973 0.037037 0.054054
15 0.551852 0.610811 0.037037 0.043243
15 0.727778 0.616216 0.040741 0.043243
15 0.946296 0.589189 0.033333 0.054054
15 0.733333 0.516216 0.029630 0.037838
15 0.788889 0.540541 0.037037 0.043243
15 0.416667 0.059459 0.040741 0.043243
