16 0.674074 0.400000 0.133333 0.172973
16 0.655556 0.605405 0.155556 0.205405
16 0.494444 0.632432 0.151852 0.183784
16 0.553704 0.694595 0.151852 0.167568
16 0.701852 0.702703 0.114815 0.108108
16 0.398148 0.462162 0.159259 0.156757
16 0.383333 0.627027 0.122222 0.162162
16 0.159259 0.727027 0.096296 0.102703
16 0.127778 0.883784 0.122222 0.113514
16 0.316667 0.137838 0.085185 0.091892
16 0.327778 0.045946 0.122222 0.081081
16 0.387037 0.921622 0.070370 0.081081
16 0.085185 0.624324 0.081481 0.081081
16 0.775926 0.729730 0.092593 0.118919
