15 0.088889 0.091892 0.044444 0.064865
15 0.035185 0.181081 0.048148 0.059459
15 0.033333 0.286486 0.051852 0.075676
15 0.055556 0.586486 0.066667 0.070270
15 0.155556 0.575676 0.059259 0.070270
15 0.251852 0.681081 0.066667 0.075676
15 0.131481 0.389189 0.055556 0.064865
15 0.074074 0.370270 0.051852 0.059459
15 0.159259 0.251351 0.051852 0.070270
15 0.170370 0.170270 0.051852 0.070270
15 0.207407 0.151351 0.037037 0.064865
15 0.222222 0.227027 0.059259 0.075676
15 0.203704 0.351351 0.051852 0.064865
15 0.216667 0.427027 0.055556 0.064865
15 0.238889 0.521622 0.048148 0.059459
15 0.309259 0.240541 0.062963 0.070270
15 0.279630 0.202703 0.048148 0.070270
15 0.274074 0.329730 0.059259 0.086486
15 0.340741 0.448649 0.051852 0.075676
15 0.348148 0.227027 0.044444 0.064865
15 0.501852 0.148649 0.077778 0.070270
15 0.459259 0.270270 0.059259 0.086486
15 0.477778 0.378378 0.074074 0.086486
15 0.470370 0.518919 0.059259 0.075676
15 0.609259 0.272973 0.062963 0.070270
15 0.607407 0.110811 0.059259 0.081081
15 0.598148 0.170270 0.048148 0.070270
15 0.524074 0.751351 0.048148 0.064865
15 0.651852 0.745946 0.051852 0.064865
15 0.581481 0.700000 0.044444 0.070270
15 0.612963 0.521622 0.040741 0.081081
15 0.653704 0.572973 0.048148 0.054054
15 0.700000 0.094595 0.051852 0.059459
15 0.340741 0.127027 0.044444 0.059459
15 0.909259 0.113514 0.070370 0.075676
15 0.979630 0.686486 0.040741 0.064865
15 0.859259 0.786486 0.051852 0.059459
15 0.851852 0.678378 0.059259 0.081081
15 0.900000 0.670270 0.051852 0.075676
15 0.820370 0.589189 0.048148 0.064865
15 0.796296 0.548649 0.051852 0.059459
15 0.977778 0.564865 0.044444 0.070270
15 0.935185 0.567568 0.055556 0.064865
15 0.946296 0.621622 0.048148 0.054054
15 0.816667 0.424324 0.055556 0.081081
15 0.864815 0.470270 0.048148 0.075676
15 0.903704 0.370270 0.051852 0.070270
15 0.837037 0.278378 0.044444 0.070270
15 0.898148 0.200000 0.062963 0.075676
15 0.883333 0.286486 0.048148 0.075676
15 0.959259 0.029730 0.051852 0.048649
15 0.914815 0.029730 0.044444 0.048649
15 0.822222 0.097297 0.051852 0.064865
15 0.774074 0.200000 0.059259 0.075676
15 0.601852 0.383784 0.048148 0.064865
