15 0.827778 0.516216 0.277778 0.394595
15 0.668519 0.691892 0.188889 0.335135
15 0.483333 0.421622 0.174074 0.291892
15 0.224074 0.427027 0.174074 0.248649
15 0.116667 0.489189 0.188889 0.232432
15 0.500000 0.616216 0.081481 0.129730
15 0.890741 0.778378 0.070370 0.108108
15 0.098148 0.835135 0.048148 0.070270
15 0.214815 0.827027 0.037037 0.054054
15 0.259259 0.805405 0.037037 0.043243
15 0.240741 0.848649 0.044444 0.043243
15 0.266667 0.886486 0.029630 0.054054
15 0.292593 0.891892 0.037037 0.043243
15 0.596296 0.872973 0.059259 0.070270
