15 0.588889 0.094595 0.044444 0.070270
15 0.540741 0.132432 0.044444 0.037838
15 0.272222 0.100000 0.055556 0.059459
15 0.346296 0.297297 0.048148 0.075676
15 0.466667 0.270270 0.059259 0.075676
15 0.640741 0.340541 0.059259 0.075676
15 0.248148 0.500000 0.037037 0.059459
15 0.124074 0.500000 0.040741 0.070270
15 0.075926 0.521622 0.062963 0.081081
15 0.048148 0.651351 0.051852 0.070270
15 0.107407 0.613514 0.051852 0.081081
15 0.114815 0.754054 0.066667 0.091892
15 0.125926 0.908108 0.051852 0.064865
15 0.024074 0.518919 0.040741 0.054054
15 0.479630 0.448649 0.033333 0.043243
