15 0.459259 0.364865 0.244444 0.286486
15 0.583333 0.608108 0.196296 0.221622
15 0.779630 0.713514 0.211111 0.259459
15 0.829630 0.908108 0.200000 0.183784
15 0.846296 0.508108 0.159259 0.183784
15 0.959259 0.581081 0.081481 0.232432
15 0.727778 0.108108 0.211111 0.205405
15 0.329630 0.089189 0.192593 0.167568
15 0.237037 0.318919 0.207407 0.259459
15 0.170370 0.559459 0.155556 0.200000
15 0.085185 0.732432 0.162963 0.254054
15 0.379630 0.894595 0.211111 0.210811
15 0.314815 0.648649 0.200000 0.248649
15 0.924074 0.072973 0.151852 0.135135
17 0.103704 0.105405 0.200000 0.200000
17 0.062963 0.405405 0.118519 0.237838
17 0.196296 0.835135 0.162963 0.254054
17 0.603704 0.867568 0.237037 0.264865
17 0.690741 0.402703 0.174074 0.210811
17 0.870370 0.281081 0.207407 0.237838
17 0.531481 0.083784 0.181481 0.156757
17 0.937037 0.821622 0.125926 0.237838
