15 0.618519 0.178378 0.170370 0.216216
15 0.588889 0.508108 0.140741 0.194595
15 0.500000 0.597297 0.148148 0.167568
15 0.533333 0.813514 0.155556 0.189189
15 0.670370 0.664865 0.148148 0.183784
15 0.248148 0.759459 0.125926 0.124324
15 0.074074 0.945946 0.125926 0.108108
15 0.033333 0.710811 0.059259 0.135135
15 0.162963 0.851351 0.096296 0.113514
15 0.205556 0.656757 0.100000 0.124324
15 0.787037 0.778378 0.077778 0.151351
15 0.746296 0.954054 0.107407 0.091892
15 0.864815 0.054054 0.114815 0.097297
15 0.879630 0.297297 0.077778 0.108108
