15 0.575926 0.262162 0.166667 0.210811
15 0.405556 0.210811 0.159259 0.205405
15 0.175926 0.378378 0.181481 0.205405
15 0.325926 0.600000 0.170370 0.216216
15 0.357407 0.813514 0.188889 0.210811
15 0.524074 0.521622 0.151852 0.189189
15 0.785185 0.537838 0.133333 0.167568
15 0.794444 0.897297 0.129630 0.162162
15 0.946296 0.683784 0.092593 0.145946
15 0.972222 0.910811 0.055556 0.156757
15 0.633333 0.548649 0.103704 0.167568
15 0.844444 0.197297 0.133333 0.145946
15 0.664815 0.051351 0.151852 0.091892
