15 0.379630 0.264865 0.077778 0.064865
15 0.727778 0.302703 0.085185 0.086486
15 0.661111 0.308108 0.062963 0.075676
15 0.457407 0.508108 0.062963 0.075676
15 0.435185 0.656757 0.062963 0.102703
15 0.637037 0.635135 0.059259 0.091892
15 0.583333 0.805405 0.048148 0.054054
15 0.153704 0.954054 0.077778 0.091892
15 0.281481 0.962162 0.066667 0.075676
15 0.329630 0.964865 0.074074 0.070270
15 0.083333 0.686486 0.055556 0.064865
15 0.151852 0.400000 0.059259 0.054054
15 0.957407 0.502703 0.055556 0.075676
15 0.931481 0.135135 0.048148 0.064865
15 0.898148 0.508108 0.077778 0.108108
15 0.742593 0.491892 0.070370 0.086486
15 0.516667 0.770270 0.062963 0.070270
15 0.446296 0.778378 0.062963 0.075676
