15 0.838889 0.872973 0.040741 0.048649
15 0.887037 0.921622 0.033333 0.048649
15 0.862963 0.689189 0.029630 0.059459
15 0.651852 0.808108 0.051852 0.048649
15 0.350000 0.656757 0.040741 0.037838
15 0.137037 0.562162 0.044444 0.043243
15 0.014815 0.781081 0.022222 0.048649
15 0.083333 0.837838 0.048148 0.043243
15 0.985185 0.483784 0.022222 0.027027
15 0.751852 0.537838 0.037037 0.037838
15 0.712963 0.562162 0.033333 0.032432
15 0.681481 0.586486 0.029630 0.037838
15 0.620370 0.621622 0.025926 0.032432
15 0.492593 0.640541 0.029630 0.037838
15 0.572222 0.440541 0.033333 0.037838
15 0.855556 0.608108 0.029630 0.037838
15 0.911111 0.654054 0.029630 0.032432
15 0.985185 0.867568 0.029630 0.037838
15 0.883333 0.816216 0.033333 0.032432
15 0.600000 0.581081 0.037037 0.037838
15 0.242593 0.462162 0.025926 0.037838
15 0.350000 0.427027 0.018519 0.032432
