19 0.816667 0.486486 0.085185 0.097297
19 0.681481 0.770270 0.125926 0.167568
19 0.614815 0.608108 0.074074 0.070270
19 0.507407 0.600000 0.081481 0.075676
19 0.424074 0.521622 0.092593 0.102703
19 0.535185 0.445946 0.070370 0.102703
19 0.620370 0.505405 0.077778 0.070270
19 0.685185 0.208108 0.096296 0.113514
19 0.433333 0.362162 0.059259 0.064865
19 0.251852 0.686486 0.088889 0.118919
19 0.344444 0.851351 0.111111 0.113514
19 0.579630 0.740541 0.062963 0.097297
19 0.698148 0.337838 0.100000 0.102703
