15 0.866667 0.275676 0.059259 0.064865
15 0.927778 0.202703 0.055556 0.070270
15 0.938889 0.113514 0.062963 0.075676
15 0.975926 0.035135 0.048148 0.059459
15 0.837037 0.435135 0.059259 0.081081
15 0.955556 0.575676 0.059259 0.059459
15 0.968519 0.618919 0.040741 0.070270
15 0.925926 0.667568 0.051852 0.081081
15 0.872222 0.686486 0.055556 0.075676
15 0.883333 0.786486 0.055556 0.070270
15 0.844444 0.589189 0.059259 0.075676
15 0.820370 0.551351 0.055556 0.075676
15 0.664815 0.740541 0.048148 0.064865
15 0.596296 0.697297 0.059259 0.075676
15 0.533333 0.754054 0.051852 0.059459
15 0.475926 0.513514 0.062963 0.075676
15 0.625926 0.513514 0.059259 0.075676
15 0.670370 0.567568 0.059259 0.064865
15 0.627778 0.108108 0.062963 0.086486
15 0.625926 0.264865 0.066667 0.075676
15 0.622222 0.375676 0.051852 0.070270
15 0.488889 0.378378 0.066667 0.075676
15 0.462963 0.262162 0.066667 0.091892
15 0.514815 0.145946 0.081481 0.075676
15 0.722222 0.097297 0.051852 0.064865
15 0.311111 0.237838 0.051852 0.064865
15 0.357407 0.232432 0.040741 0.086486
15 0.385185 0.205405 0.037037 0.054054
15 0.342593 0.124324 0.055556 0.075676
15 0.224074 0.218919 0.055556 0.070270
15 0.281481 0.205405 0.044444 0.075676
15 0.201852 0.345946 0.048148 0.064865
15 0.274074 0.332432 0.051852 0.070270
15 0.344444 0.448649 0.059259 0.064865
15 0.250000 0.678378 0.062963 0.070270
15 0.205556 0.600000 0.040741 0.043243
15 0.227778 0.521622 0.040741 0.059459
15 0.214815 0.427027 0.059259 0.064865
15 0.151852 0.578378 0.066667 0.064865
15 0.048148 0.578378 0.074074 0.075676
15 0.125926 0.381081 0.051852 0.070270
15 0.077778 0.372973 0.051852 0.064865
15 0.155556 0.251351 0.051852 0.059459
15 0.162963 0.178378 0.051852 0.064865
15 0.207407 0.162162 0.059259 0.064865
15 0.085185 0.091892 0.051852 0.054054
15 0.029630 0.183784 0.044444 0.064865
15 0.031481 0.283784 0.048148 0.081081
15 0.088889 0.175676 0.066667 0.081081
