17 0.946296 0.075676 0.062963 0.064865
17 0.642593 0.521622 0.122222 0.135135
17 0.635185 0.656757 0.107407 0.156757
17 0.503704 0.629730 0.118519 0.156757
17 0.740741 0.243243 0.037037 0.032432
17 0.722222 0.289189 0.037037 0.037838
17 0.207407 0.489189 0.081481 0.102703
17 0.324074 0.491892 0.070370 0.064865
17 0.216667 0.364865 0.055556 0.059459
17 0.418519 0.183784 0.051852 0.075676
17 0.914815 0.386486 0.029630 0.048649
17 0.894444 0.372973 0.025926 0.043243
17 0.825926 0.362162 0.029630 0.032432
17 0.914815 0.578378 0.037037 0.043243
17 0.794444 0.197297 0.033333 0.037838
