15 0.716667 0.302703 0.077778 0.086486
15 0.659259 0.316216 0.059259 0.091892
15 0.948148 0.502703 0.074074 0.075676
15 0.881481 0.524324 0.074074 0.097297
15 0.737037 0.489189 0.066667 0.091892
15 0.635185 0.637838 0.062963 0.097297
16 0.448148 0.516216 0.066667 0.070270
16 0.435185 0.662162 0.070370 0.091892
16 0.162963 0.954054 0.088889 0.081081
16 0.283333 0.962162 0.062963 0.075676
16 0.344444 0.959459 0.059259 0.070270
16 0.153704 0.400000 0.055556 0.075676
16 0.092593 0.694595 0.051852 0.070270
16 0.392593 0.264865 0.059259 0.075676
16 0.561111 0.472973 0.070370 0.091892
16 0.916667 0.132432 0.040741 0.070270
16 0.583333 0.800000 0.070370 0.075676
16 0.514815 0.775676 0.066667 0.081081
16 0.448148 0.781081 0.059259 0.059459
