15 0.685185 0.527027 0.037037 0.048649
15 0.605556 0.618919 0.025926 0.027027
15 0.601852 0.683784 0.025926 0.037838
15 0.675926 0.348649 0.025926 0.027027
15 0.624074 0.186486 0.011111 0.016216
15 0.524074 0.300000 0.018519 0.027027
15 0.516667 0.421622 0.018519 0.032432
15 0.561111 0.754054 0.018519 0.037838
15 0.555556 0.810811 0.029630 0.021622
15 0.553704 0.832432 0.018519 0.021622
15 0.677778 0.410811 0.022222 0.032432
15 0.622222 0.654054 0.022222 0.032432
17 0.772222 0.743243 0.055556 0.048649
17 0.777778 0.921622 0.059259 0.081081
17 0.625926 0.972973 0.051852 0.054054
17 0.844444 0.802703 0.051852 0.091892
17 0.838889 0.691892 0.048148 0.075676
17 0.912963 0.475676 0.040741 0.064865
17 0.950000 0.472973 0.040741 0.059459
17 0.896296 0.432432 0.044444 0.064865
17 0.801852 0.251351 0.033333 0.048649
17 0.694444 0.218919 0.025926 0.037838
17 0.446296 0.608108 0.018519 0.048649
17 0.388889 0.659459 0.037037 0.043243
17 0.337037 0.662162 0.022222 0.037838
17 0.487037 0.702703 0.033333 0.043243
17 0.412963 0.883784 0.025926 0.037838
17 0.468519 0.897297 0.025926 0.043243
17 0.398148 0.554054 0.025926 0.027027
17 0.753704 0.775676 0.040741 0.059459
17 0.596296 0.340541 0.022222 0.043243
