15 0.772222 0.351351 0.077778 0.108108
15 0.872222 0.589189 0.092593 0.086486
15 0.840741 0.456757 0.081481 0.091892
15 0.911111 0.351351 0.074074 0.097297
15 0.979630 0.305405 0.040741 0.113514
15 0.888889 0.181081 0.074074 0.102703
15 0.868519 0.259459 0.055556 0.075676
15 0.966667 0.145946 0.066667 0.097297
15 0.731481 0.189189 0.100000 0.086486
15 0.612963 0.248649 0.100000 0.108108
15 0.581481 0.405405 0.103704 0.108108
15 0.453704 0.394595 0.085185 0.097297
15 0.477778 0.229730 0.088889 0.091892
15 0.414815 0.121622 0.133333 0.135135
15 0.607407 0.035135 0.096296 0.059459
15 0.766667 0.548649 0.051852 0.048649
15 0.740741 0.472973 0.059259 0.059459
15 0.670370 0.881081 0.029630 0.032432
15 0.672222 0.935135 0.033333 0.032432
15 0.805556 0.848649 0.033333 0.043243
15 0.301852 0.364865 0.144444 0.145946
15 0.040741 0.283784 0.074074 0.091892
15 0.131481 0.543243 0.100000 0.113514
15 0.025926 0.559459 0.044444 0.081081
15 0.037037 0.618919 0.066667 0.091892
15 0.027778 0.735135 0.040741 0.075676
15 0.133333 0.754054 0.074074 0.070270
