15 0.520370 0.186486 0.055556 0.070270
15 0.700000 0.329730 0.066667 0.064865
15 0.942593 0.500000 0.048148 0.059459
15 0.838889 0.618919 0.062963 0.070270
15 0.794444 0.675676 0.040741 0.043243
15 0.711111 0.754054 0.044444 0.037838
15 0.538889 0.772973 0.062963 0.054054
15 0.572222 0.135135 0.040741 0.064865
15 0.938889 0.070270 0.040741 0.043243
15 0.798148 0.045946 0.040741 0.048649
15 0.755556 0.116216 0.037037 0.059459
15 0.783333 0.375676 0.033333 0.048649
15 0.603704 0.400000 0.037037 0.054054
15 0.635185 0.443243 0.033333 0.032432
15 0.637037 0.481081 0.029630 0.032432
15 0.400000 0.429730 0.044444 0.037838
15 0.307407 0.464865 0.037037 0.054054
15 0.207407 0.540541 0.044444 0.043243
15 0.201852 0.591892 0.040741 0.037838
15 0.200000 0.381081 0.044444 0.048649
15 0.298148 0.340541 0.033333 0.054054
15 0.342593 0.332432 0.033333 0.059459
15 0.298148 0.278378 0.033333 0.037838
15 0.312963 0.240541 0.033333 0.037838
15 0.312963 0.137838 0.033333 0.037838
15 0.429630 0.167568 0.029630 0.043243
15 0.261111 0.235135 0.033333 0.037838
15 0.220370 0.235135 0.033333 0.037838
15 0.220370 0.335135 0.033333 0.032432
15 0.529630 0.264865 0.029630 0.043243
15 0.601852 0.291892 0.033333 0.043243
