15 0.731481 0.518919 0.025926 0.043243
15 0.694444 0.418919 0.040741 0.037838
15 0.690741 0.364865 0.048148 0.048649
15 0.709259 0.189189 0.033333 0.054054
15 0.681481 0.118919 0.029630 0.054054
15 0.618519 0.132432 0.029630 0.027027
15 0.533333 0.400000 0.029630 0.054054
15 0.550000 0.359459 0.025926 0.048649
15 0.681481 0.556757 0.037037 0.054054
15 0.716667 0.597297 0.033333 0.037838
15 0.679630 0.627027 0.025926 0.043243
15 0.640741 0.608108 0.029630 0.048649
15 0.598148 0.648649 0.033333 0.054054
15 0.566667 0.564865 0.037037 0.048649
15 0.607407 0.570270 0.029630 0.048649
15 0.520370 0.572973 0.040741 0.054054
15 0.487037 0.629730 0.033333 0.048649
15 0.740741 0.564865 0.029630 0.037838
15 0.666667 0.759459 0.044444 0.048649
15 0.812963 0.851351 0.025926 0.048649
15 0.700000 0.897297 0.037037 0.043243
15 0.537037 0.956757 0.044444 0.043243
15 0.524074 0.921622 0.040741 0.037838
15 0.490741 0.856757 0.033333 0.048649
15 0.235185 0.562162 0.033333 0.043243
15 0.387037 0.686486 0.025926 0.043243
15 0.433333 0.732432 0.029630 0.059459
15 0.712963 0.059459 0.025926 0.032432
15 0.394444 0.394595 0.025926 0.032432
15 0.298148 0.308108 0.025926 0.032432
15 0.257407 0.408108 0.033333 0.027027
