15 0.053704 0.172973 0.040741 0.043243
15 0.142593 0.189189 0.040741 0.032432
15 0.064815 0.367568 0.040741 0.043243
15 0.055556 0.408108 0.029630 0.037838
15 0.120370 0.372973 0.033333 0.054054
15 0.107407 0.462162 0.037037 0.048649
15 0.155556 0.624324 0.037037 0.048649
15 0.120370 0.621622 0.040741 0.043243
15 0.098148 0.808108 0.040741 0.048649
15 0.201852 0.854054 0.048148 0.054054
15 0.253704 0.837838 0.033333 0.054054
15 0.272222 0.651351 0.025926 0.037838
15 0.214815 0.470270 0.029630 0.043243
15 0.190741 0.581081 0.033333 0.048649
15 0.170370 0.421622 0.022222 0.032432
15 0.185185 0.018919 0.029630 0.027027
15 0.985185 0.772973 0.029630 0.054054
15 0.785185 0.818919 0.029630 0.037838
15 0.890741 0.910811 0.025926 0.037838
15 0.922222 0.518919 0.029630 0.043243
15 0.881481 0.654054 0.029630 0.021622
15 0.866667 0.667568 0.022222 0.027027
15 0.859259 0.718919 0.022222 0.032432
15 0.883333 0.770270 0.025926 0.048649
15 0.842593 0.797297 0.018519 0.027027
15 0.848148 0.591892 0.029630 0.027027
15 0.857407 0.556757 0.025926 0.032432
15 0.987037 0.367568 0.025926 0.043243
15 0.911111 0.318919 0.029630 0.032432
15 0.875926 0.367568 0.033333 0.032432
15 0.864815 0.421622 0.025926 0.032432
15 0.914815 0.156757 0.037037 0.043243
15 0.911111 0.075676 0.037037 0.043243
15 0.918519 0.021622 0.044444 0.032432
15 0.842593 0.248649 0.025926 0.032432
15 0.294444 0.454054 0.018519 0.032432
15 0.320370 0.451351 0.018519 0.027027
15 0.320370 0.402703 0.025926 0.027027
15 0.288889 0.186486 0.029630 0.037838
15 0.264815 0.210811 0.025926 0.021622
15 0.257407 0.154054 0.025926 0.027027
15 0.238889 0.121622 0.025926 0.037838
15 0.207407 0.286486 0.029630 0.043243
15 0.337037 0.564865 0.037037 0.027027
15 0.300000 0.635135 0.022222 0.037838
15 0.353704 0.216216 0.025926 0.032432
15 0.361111 0.429730 0.018519 0.027027
15 0.314815 0.835135 0.029630 0.048649
15 0.011111 0.854054 0.014815 0.054054
15 0.818519 0.397297 0.022222 0.027027
15 0.727778 0.518919 0.018519 0.032432
15 0.750000 0.275676 0.025926 0.032432
