17 0.853704 0.448649 0.107407 0.140541
17 0.918519 0.451351 0.051852 0.113514
17 0.666667 0.551351 0.059259 0.064865
17 0.622222 0.608108 0.051852 0.059459
17 0.561111 0.840541 0.077778 0.091892
17 0.601852 0.883784 0.048148 0.059459
17 0.664815 0.813514 0.048148 0.048649
17 0.477778 0.494595 0.074074 0.081081
17 0.425926 0.610811 0.081481 0.086486
17 0.501852 0.627027 0.055556 0.054054
17 0.444444 0.705405 0.059259 0.070270
17 0.329630 0.440541 0.125926 0.124324
17 0.209259 0.313514 0.085185 0.108108
17 0.138889 0.113514 0.100000 0.129730
17 0.150000 0.408108 0.048148 0.059459
17 0.200000 0.459459 0.051852 0.064865
17 0.250000 0.459459 0.055556 0.064865
17 0.322222 0.524324 0.081481 0.075676
17 0.251852 0.559459 0.081481 0.081081
17 0.129630 0.732432 0.074074 0.059459
17 0.120370 0.656757 0.070370 0.059459
