15 0.409259 0.397297 0.100000 0.102703
15 0.487037 0.375676 0.092593 0.113514
15 0.683333 0.391892 0.070370 0.091892
15 0.724074 0.300000 0.077778 0.102703
15 0.477778 0.613514 0.103704 0.102703
15 0.320370 0.678378 0.062963 0.081081
15 0.153704 0.364865 0.077778 0.102703
15 0.124074 0.427027 0.100000 0.097297
15 0.774074 0.637838 0.059259 0.075676
15 0.790741 0.254054 0.070370 0.086486
15 0.653704 0.175676 0.062963 0.091892
15 0.609259 0.459459 0.055556 0.064865
15 0.618519 0.537838 0.059259 0.059459
15 0.244444 0.072973 0.074074 0.081081
15 0.061111 0.051351 0.092593 0.081081
15 0.281481 0.486486 0.074074 0.075676
15 0.309259 0.413514 0.055556 0.059459
15 0.259259 0.408108 0.059259 0.059459
15 0.355556 0.594595 0.037037 0.064865
15 0.401852 0.694595 0.040741 0.048649
15 0.411111 0.527027 0.051852 0.059459
15 0.487037 0.508108 0.048148 0.075676
15 0.968519 0.597297 0.062963 0.102703
15 0.966667 0.805405 0.066667 0.097297
15 0.859259 0.870270 0.066667 0.075676
15 0.790741 0.751351 0.055556 0.064865
15 0.362963 0.240541 0.066667 0.102703
15 0.335185 0.316216 0.077778 0.091892
15 0.470370 0.237838 0.059259 0.086486
15 0.529630 0.159459 0.066667 0.081081
15 0.603704 0.086486 0.066667 0.097297
15 0.542593 0.089189 0.048148 0.070270
15 0.468519 0.070270 0.070370 0.086486
15 0.809259 0.883784 0.055556 0.081081
15 0.840741 0.608108 0.059259 0.081081
15 0.781481 0.394595 0.081481 0.086486
15 0.611111 0.616216 0.059259 0.064865
15 0.637037 0.686486 0.037037 0.054054
15 0.281481 0.918919 0.059259 0.043243
15 0.207407 0.556757 0.059259 0.064865
