15 0.553704 0.186486 0.062963 0.081081
15 0.953704 0.094595 0.048148 0.070270
15 0.038889 0.637838 0.070370 0.086486
15 0.175926 0.610811 0.085185 0.075676
15 0.287037 0.562162 0.062963 0.054054
15 0.325926 0.397297 0.066667 0.059459
15 0.322222 0.083784 0.081481 0.091892
15 0.387037 0.651351 0.040741 0.070270
15 0.331481 0.770270 0.040741 0.059459
15 0.668519 0.556757 0.033333 0.054054
15 0.853704 0.332432 0.033333 0.059459
15 0.864815 0.594595 0.048148 0.054054
15 0.550000 0.643243 0.048148 0.043243
15 0.244444 0.175676 0.051852 0.070270
15 0.577778 0.078378 0.051852 0.070270
15 0.729630 0.218919 0.044444 0.059459
15 0.840741 0.416216 0.037037 0.043243
15 0.720370 0.562162 0.040741 0.054054
