15 0.507407 0.108108 0.111111 0.118919
15 0.559259 0.270270 0.081481 0.108108
15 0.635185 0.364865 0.070370 0.091892
15 0.724074 0.486486 0.077778 0.129730
15 0.672222 0.578378 0.077778 0.118919
15 0.959259 0.589189 0.081481 0.118919
15 0.898148 0.764865 0.077778 0.124324
15 0.511111 0.740541 0.081481 0.118919
15 0.453704 0.654054 0.092593 0.140541
15 0.429630 0.505405 0.096296 0.135135
15 0.501852 0.475676 0.077778 0.118919
15 0.300000 0.305405 0.081481 0.091892
15 0.255556 0.164865 0.074074 0.102703
15 0.025926 0.424324 0.044444 0.091892
15 0.972222 0.821622 0.055556 0.140541
15 0.951852 0.040541 0.066667 0.070270
15 0.425926 0.202703 0.059259 0.081081
15 0.279630 0.567568 0.062963 0.086486
15 0.905556 0.429730 0.070370 0.102703
