15 0.168519 0.175676 0.055556 0.070270
15 0.507407 0.143243 0.074074 0.070270
15 0.611111 0.108108 0.066667 0.108108
15 0.707407 0.094595 0.066667 0.081081
15 0.912963 0.116216 0.062963 0.081081
15 0.905556 0.197297 0.070370 0.081081
15 0.844444 0.281081 0.066667 0.086486
15 0.820370 0.429730 0.062963 0.102703
15 0.818519 0.589189 0.051852 0.075676
15 0.933333 0.567568 0.044444 0.075676
15 0.975926 0.564865 0.048148 0.081081
15 0.848148 0.672973 0.059259 0.091892
15 0.861111 0.789189 0.048148 0.075676
15 0.470370 0.505405 0.059259 0.081081
15 0.340741 0.451351 0.066667 0.070270
15 0.314815 0.240541 0.059259 0.059459
15 0.275926 0.202703 0.062963 0.081081
15 0.227778 0.224324 0.070370 0.081081
15 0.162963 0.248649 0.066667 0.075676
15 0.131481 0.381081 0.055556 0.091892
15 0.077778 0.372973 0.059259 0.075676
15 0.057407 0.581081 0.062963 0.081081
15 0.155556 0.567568 0.059259 0.086486
15 0.253704 0.678378 0.055556 0.081081
15 0.037037 0.278378 0.066667 0.091892
15 0.088889 0.089189 0.051852 0.059459
15 0.464815 0.270270 0.085185 0.075676
15 0.479630 0.375676 0.070370 0.091892
15 0.616667 0.516216 0.062963 0.081081
15 0.668519 0.581081 0.055556 0.070270
15 0.579630 0.694595 0.070370 0.081081
15 0.527778 0.748649 0.048148 0.070270
15 0.653704 0.735135 0.070370 0.086486
15 0.792593 0.543243 0.051852 0.081081
15 0.607407 0.264865 0.066667 0.075676
15 0.959259 0.035135 0.044444 0.059459
15 0.207407 0.343243 0.066667 0.081081
15 0.224074 0.427027 0.077778 0.064865
15 0.344444 0.129730 0.059259 0.064865
15 0.375926 0.218919 0.070370 0.081081
15 0.605556 0.383784 0.055556 0.064865
