15 0.488889 0.500000 0.200000 0.297297
15 0.688889 0.472973 0.200000 0.318919
15 0.750000 0.772973 0.218519 0.281081
15 0.140741 0.075676 0.118519 0.140541
15 0.359259 0.337838 0.088889 0.135135
15 0.031481 0.389189 0.055556 0.075676
15 0.414815 0.148649 0.088889 0.102703
15 0.551852 0.127027 0.066667 0.081081
15 0.781481 0.272973 0.074074 0.091892
15 0.279630 0.656757 0.048148 0.070270
15 0.168519 0.848649 0.070370 0.097297
15 0.557407 0.916216 0.055556 0.091892
15 0.872222 0.959459 0.085185 0.081081
15 0.190741 0.972973 0.048148 0.054054
15 0.522222 0.935135 0.044444 0.086486
