15 0.622222 0.205405 0.066667 0.075676
15 0.707407 0.237838 0.059259 0.086486
15 0.516667 0.397297 0.070370 0.081081
15 0.446296 0.432432 0.062963 0.086486
15 0.020370 0.213514 0.033333 0.059459
15 0.940741 0.478378 0.081481 0.091892
15 0.666667 0.316216 0.059259 0.070270
15 0.750000 0.354054 0.070370 0.081081
15 0.564815 0.056757 0.055556 0.059459
15 0.674074 0.027027 0.066667 0.043243
15 0.479630 0.024324 0.040741 0.037838
15 0.661111 0.400000 0.055556 0.054054
15 0.601852 0.408108 0.070370 0.081081
15 0.790741 0.543243 0.040741 0.059459
15 0.638889 0.572973 0.048148 0.054054
15 0.888889 0.627027 0.051852 0.064865
15 0.822222 0.743243 0.044444 0.048649
15 0.657407 0.689189 0.040741 0.059459
15 0.731481 0.613514 0.048148 0.048649
15 0.429630 0.059459 0.051852 0.054054
15 0.479630 0.521622 0.040741 0.048649
15 0.588889 0.505405 0.037037 0.059459
