15 0.200000 0.210811 0.088889 0.140541
15 0.261111 0.343243 0.092593 0.102703
15 0.379630 0.116216 0.114815 0.113514
15 0.524074 0.078378 0.070370 0.081081
15 0.464815 0.110811 0.092593 0.091892
15 0.396296 0.402703 0.088889 0.113514
15 0.579630 0.386486 0.070370 0.102703
15 0.535185 0.454054 0.085185 0.086486
15 0.490741 0.494595 0.070370 0.081081
15 0.405556 0.497297 0.077778 0.075676
15 0.694444 0.448649 0.062963 0.086486
15 0.614815 0.470270 0.088889 0.097297
15 0.772222 0.459459 0.062963 0.097297
15 0.866667 0.529730 0.081481 0.086486
15 0.961111 0.410811 0.077778 0.118919
15 0.922222 0.321622 0.081481 0.102703
15 0.703704 0.767568 0.066667 0.097297
15 0.974074 0.875676 0.051852 0.118919
15 0.861111 0.859459 0.070370 0.086486
15 0.775926 0.878378 0.062963 0.070270
15 0.544444 0.754054 0.074074 0.081081
15 0.622222 0.870270 0.059259 0.054054
15 0.485185 0.597297 0.066667 0.070270
15 0.700000 0.608108 0.088889 0.091892
