15 0.575926 0.105405 0.062963 0.059459
15 0.505556 0.170270 0.055556 0.081081
15 0.838889 0.089189 0.048148 0.081081
15 0.881481 0.029730 0.066667 0.048649
15 0.722222 0.183784 0.037037 0.086486
15 0.662963 0.200000 0.051852 0.075676
15 0.788889 0.210811 0.044444 0.086486
15 0.850000 0.218919 0.048148 0.059459
15 0.883333 0.167568 0.048148 0.054054
15 0.712963 0.375676 0.062963 0.070270
15 0.616667 0.451351 0.055556 0.059459
15 0.538889 0.518919 0.055556 0.075676
15 0.470370 0.524324 0.066667 0.075676
15 0.420370 0.562162 0.055556 0.064865
15 0.444444 0.445946 0.051852 0.081081
15 0.301852 0.402703 0.055556 0.059459
15 0.244444 0.291892 0.059259 0.086486
15 0.205556 0.375676 0.085185 0.081081
15 0.162963 0.475676 0.074074 0.075676
15 0.231481 0.516216 0.062963 0.070270
15 0.098148 0.564865 0.062963 0.091892
15 0.162963 0.637838 0.074074 0.086486
15 0.090741 0.743243 0.062963 0.070270
15 0.150000 0.821622 0.048148 0.054054
15 0.366667 0.870270 0.059259 0.064865
15 0.377778 0.697297 0.066667 0.075676
15 0.201852 0.894595 0.040741 0.048649
15 0.377778 0.610811 0.059259 0.054054
15 0.277778 0.762162 0.029630 0.054054
15 0.494444 0.627027 0.062963 0.064865
15 0.479630 0.802703 0.033333 0.048649
15 0.807407 0.767568 0.044444 0.054054
15 0.772222 0.797297 0.048148 0.037838
15 0.659259 0.800000 0.037037 0.043243
15 0.559259 0.959459 0.029630 0.048649
15 0.538889 0.840541 0.033333 0.037838
15 0.594444 0.845946 0.033333 0.048649
15 0.864815 0.675676 0.040741 0.043243
15 0.840741 0.589189 0.037037 0.054054
15 0.762963 0.608108 0.037037 0.048649
15 0.785185 0.648649 0.037037 0.043243
15 0.568519 0.386486 0.077778 0.070270
15 0.524074 0.300000 0.070370 0.059459
