15 0.340741 0.416216 0.162963 0.151351
15 0.194444 0.213514 0.144444 0.135135
15 0.196296 0.340541 0.133333 0.108108
15 0.798148 0.429730 0.159259 0.156757
15 0.755556 0.543243 0.155556 0.124324
15 0.712963 0.645946 0.144444 0.124324
15 0.640741 0.516216 0.103704 0.145946
15 0.529630 0.502703 0.133333 0.140541
15 0.185185 0.664865 0.155556 0.140541
15 0.316667 0.713514 0.137037 0.162162
15 0.135185 0.789189 0.166667 0.151351
15 0.459259 0.924324 0.125926 0.108108
15 0.301852 0.872973 0.151852 0.135135
15 0.872222 0.940541 0.107407 0.097297
