15 0.148148 0.216216 0.148148 0.151351
15 0.857407 0.418919 0.196296 0.167568
15 0.796296 0.543243 0.192593 0.135135
15 0.750000 0.643243 0.174074 0.118919
15 0.662963 0.518919 0.118519 0.162162
15 0.320370 0.418919 0.196296 0.156757
15 0.151852 0.354054 0.148148 0.102703
15 0.129630 0.664865 0.155556 0.162162
15 0.074074 0.781081 0.140741 0.135135
15 0.287037 0.710811 0.159259 0.145946
15 0.266667 0.889189 0.177778 0.145946
15 0.448148 0.913514 0.148148 0.118919
15 0.540741 0.505405 0.140741 0.124324
