15 0.151852 0.210811 0.111111 0.129730
15 0.353704 0.113514 0.100000 0.118919
15 0.225926 0.343243 0.096296 0.113514
15 0.362963 0.410811 0.074074 0.097297
15 0.377778 0.491892 0.066667 0.086486
15 0.540741 0.378378 0.081481 0.108108
15 0.512963 0.459459 0.077778 0.086486
15 0.462963 0.491892 0.074074 0.086486
15 0.677778 0.432432 0.066667 0.086486
15 0.596296 0.467568 0.074074 0.081081
15 0.525926 0.748649 0.074074 0.070270
15 0.685185 0.770270 0.074074 0.091892
15 0.961111 0.410811 0.070370 0.097297
15 0.868519 0.529730 0.070370 0.086486
15 0.762963 0.459459 0.044444 0.075676
15 0.857407 0.854054 0.062963 0.086486
15 0.975926 0.867568 0.048148 0.102703
15 0.674074 0.621622 0.096296 0.075676
15 0.431481 0.113514 0.070370 0.086486
15 0.488889 0.086486 0.074074 0.086486
