15 0.477778 0.218919 0.103704 0.145946
15 0.268519 0.316216 0.114815 0.167568
15 0.838889 0.545946 0.100000 0.140541
15 0.753704 0.589189 0.100000 0.129730
16 0.835185 0.691892 0.100000 0.140541
15 0.727778 0.681081 0.070370 0.075676
15 0.720370 0.745946 0.062963 0.075676
15 0.572222 0.551351 0.122222 0.172973
15 0.642593 0.664865 0.100000 0.172973
16 0.214815 0.543243 0.088889 0.167568
16 0.337037 0.583784 0.074074 0.151351
16 0.418519 0.616216 0.125926 0.162162
15 0.451852 0.767568 0.133333 0.162162
16 0.655556 0.916216 0.118519 0.167568
15 0.283333 0.648649 0.085185 0.151351
