15 0.488889 0.105405 0.103704 0.124324
15 0.529630 0.281081 0.088889 0.097297
15 0.611111 0.359459 0.074074 0.102703
15 0.705556 0.491892 0.092593 0.129730
15 0.659259 0.589189 0.111111 0.129730
15 0.487037 0.756757 0.100000 0.097297
15 0.422222 0.664865 0.103704 0.129730
15 0.472222 0.481081 0.085185 0.118919
15 0.392593 0.510811 0.088889 0.124324
15 0.257407 0.302703 0.092593 0.118919
15 0.214815 0.162162 0.081481 0.108108
15 0.962963 0.583784 0.074074 0.108108
15 0.894444 0.756757 0.077778 0.108108
15 0.972222 0.810811 0.055556 0.129730
15 0.894444 0.418919 0.092593 0.081081
15 0.951852 0.037838 0.081481 0.064865
15 0.694444 0.035135 0.092593 0.059459
15 0.238889 0.578378 0.062963 0.075676
15 0.388889 0.205405 0.059259 0.097297
15 0.192593 0.297297 0.066667 0.075676
