15 0.607407 0.418919 0.118519 0.113514
15 0.472222 0.486486 0.107407 0.108108
15 0.362963 0.518919 0.088889 0.129730
15 0.262963 0.583784 0.111111 0.097297
15 0.192593 0.421622 0.118519 0.108108
17 0.183333 0.286486 0.129630 0.129730
17 0.937037 0.200000 0.103704 0.097297
17 0.779630 0.062162 0.100000 0.091892
17 0.635185 0.600000 0.100000 0.108108
15 0.446296 0.659459 0.092593 0.097297
15 0.244444 0.810811 0.088889 0.086486
17 0.451852 0.735135 0.096296 0.075676
15 0.609259 0.951351 0.062963 0.064865
17 0.348148 0.762162 0.066667 0.075676
17 0.462963 0.745946 0.088889 0.075676
