15 0.848148 0.116216 0.059259 0.059459
15 0.764815 0.124324 0.062963 0.064865
15 0.296296 0.270270 0.051852 0.054054
15 0.188889 0.294595 0.051852 0.048649
15 0.150000 0.472973 0.040741 0.059459
15 0.646296 0.535135 0.048148 0.054054
15 0.820370 0.405405 0.062963 0.064865
15 0.514815 0.113514 0.059259 0.054054
15 0.181481 0.600000 0.037037 0.043243
15 0.209259 0.735135 0.048148 0.043243
15 0.531481 0.602703 0.048148 0.037838
15 0.551852 0.672973 0.044444 0.037838
15 0.224074 0.127027 0.055556 0.059459
15 0.127778 0.191892 0.062963 0.048649
15 0.024074 0.351351 0.040741 0.054054
15 0.603704 0.264865 0.051852 0.064865
15 0.251852 0.278378 0.044444 0.048649
