15 0.031481 0.586486 0.055556 0.081081
15 0.133333 0.745946 0.051852 0.075676
15 0.520370 0.937838 0.062963 0.070270
15 0.844444 0.643243 0.051852 0.054054
15 0.938889 0.729730 0.055556 0.054054
15 0.935185 0.802703 0.055556 0.059459
15 0.551852 0.764865 0.051852 0.059459
15 0.579630 0.178378 0.062963 0.086486
15 0.853704 0.037838 0.048148 0.054054
15 0.751852 0.118919 0.059259 0.054054
15 0.183333 0.762162 0.040741 0.075676
15 0.664815 0.408108 0.055556 0.048649
15 0.220370 0.813514 0.055556 0.070270
15 0.718519 0.791892 0.051852 0.059459
