15 0.703704 0.448649 0.037037 0.043243
15 0.833333 0.532432 0.029630 0.059459
15 0.707407 0.608108 0.029630 0.048649
15 0.579630 0.572973 0.048148 0.043243
15 0.777778 0.121622 0.029630 0.027027
15 0.809259 0.170270 0.048148 0.037838
15 0.788889 0.229730 0.029630 0.048649
15 0.746296 0.356757 0.040741 0.043243
15 0.575926 0.616216 0.040741 0.032432
15 0.418519 0.643243 0.037037 0.043243
15 0.379630 0.532432 0.040741 0.037838
15 0.492593 0.516216 0.037037 0.027027
15 0.511111 0.537838 0.029630 0.048649
15 0.487037 0.497297 0.033333 0.021622
15 0.761111 0.181081 0.033333 0.037838
