15 0.694444 0.262162 0.048148 0.059459
15 0.600000 0.286486 0.051852 0.054054
15 0.627778 0.348649 0.033333 0.059459
15 0.585185 0.348649 0.051852 0.059459
15 0.668519 0.421622 0.048148 0.064865
15 0.600000 0.410811 0.044444 0.064865
15 0.553704 0.448649 0.062963 0.075676
15 0.596296 0.494595 0.044444 0.070270
15 0.627778 0.662162 0.062963 0.070270
15 0.633333 0.748649 0.044444 0.048649
15 0.629630 0.818919 0.051852 0.070270
15 0.868519 0.470270 0.048148 0.064865
15 0.203704 0.202703 0.066667 0.081081
15 0.042593 0.356757 0.048148 0.064865
15 0.625926 0.048649 0.051852 0.064865
15 0.761111 0.094595 0.048148 0.059459
15 0.840741 0.259459 0.051852 0.075676
15 0.838889 0.335135 0.040741 0.064865
15 0.883333 0.397297 0.055556 0.070270
15 0.944444 0.472973 0.037037 0.048649
15 0.948148 0.529730 0.044444 0.054054
15 0.879630 0.559459 0.062963 0.070270
15 0.974074 0.632432 0.051852 0.075676
15 0.974074 0.700000 0.051852 0.070270
15 0.946296 0.713514 0.062963 0.075676
15 0.933333 0.635135 0.051852 0.070270
15 0.764815 0.240541 0.033333 0.070270
15 0.520370 0.035135 0.077778 0.059459
15 0.359259 0.075676 0.051852 0.064865
15 0.140741 0.324324 0.029630 0.054054
15 0.111111 0.329730 0.037037 0.043243
15 0.072222 0.281081 0.033333 0.043243
15 0.590741 0.616216 0.055556 0.075676
15 0.731481 0.356757 0.055556 0.075676
15 0.979630 0.037838 0.033333 0.054054
15 0.955556 0.054054 0.037037 0.043243
15 0.907407 0.116216 0.037037 0.059459
15 0.964815 0.229730 0.025926 0.037838
15 0.987037 0.210811 0.025926 0.054054
15 0.985185 0.262162 0.029630 0.037838
15 0.500000 0.075676 0.051852 0.064865
15 0.027778 0.100000 0.025926 0.037838
15 0.207407 0.091892 0.037037 0.054054
