15 0.594444 0.367568 0.366667 0.270270
15 0.657407 0.124324 0.418519 0.216216
15 0.787037 0.278378 0.277778 0.178378
15 0.814815 0.494595 0.362963 0.264865
15 0.464815 0.589189 0.388889 0.237838
15 0.535185 0.802703 0.344444 0.178378
15 0.757407 0.754054 0.248148 0.178378
15 0.294444 0.359459 0.314815 0.221622
15 0.112963 0.224324 0.211111 0.124324
15 0.170370 0.716216 0.222222 0.124324
15 0.077778 0.816216 0.148148 0.151351
15 0.237037 0.840541 0.214815 0.145946
15 0.055556 0.651351 0.103704 0.156757
15 0.096296 0.064865 0.185185 0.118919
15 0.438889 0.935135 0.300000 0.129730
