15 0.464815 0.502703 0.092593 0.086486
15 0.588889 0.470270 0.044444 0.064865
15 0.698148 0.389189 0.070370 0.064865
15 0.714815 0.291892 0.059259 0.064865
15 0.881481 0.418919 0.081481 0.081081
15 0.790741 0.529730 0.077778 0.064865
15 0.785185 0.494595 0.066667 0.048649
15 0.661111 0.489189 0.070370 0.070270
15 0.659259 0.545946 0.059259 0.043243
15 0.644444 0.600000 0.066667 0.054054
15 0.559259 0.656757 0.051852 0.059459
15 0.820370 0.654054 0.033333 0.054054
15 0.809259 0.729730 0.062963 0.054054
15 0.844444 0.837838 0.051852 0.064865
15 0.314815 0.805405 0.051852 0.054054
15 0.088889 0.424324 0.059259 0.070270
15 0.148148 0.405405 0.051852 0.075676
15 0.214815 0.497297 0.051852 0.064865
15 0.185185 0.132432 0.059259 0.048649
15 0.035185 0.456757 0.048148 0.070270
15 0.412963 0.572973 0.070370 0.064865
15 0.344444 0.729730 0.066667 0.064865
15 0.800000 0.367568 0.051852 0.054054
15 0.551852 0.562162 0.059259 0.064865
15 0.372222 0.432432 0.048148 0.064865
