15 0.711111 0.337838 0.074074 0.102703
15 0.575926 0.256757 0.062963 0.081081
15 0.642593 0.302703 0.062963 0.097297
15 0.903704 0.140541 0.081481 0.118919
15 0.868519 0.494595 0.077778 0.102703
15 0.772222 0.454054 0.092593 0.097297
15 0.477778 0.291892 0.081481 0.118919
15 0.512963 0.232432 0.062963 0.108108
15 0.412963 0.189189 0.070370 0.075676
15 0.312963 0.294595 0.077778 0.091892
15 0.150000 0.494595 0.070370 0.091892
15 0.294444 0.800000 0.077778 0.129730
15 0.407407 0.721622 0.081481 0.091892
15 0.507407 0.708108 0.074074 0.086486
15 0.546296 0.635135 0.085185 0.081081
15 0.712963 0.891892 0.062963 0.075676
15 0.657407 0.918919 0.070370 0.075676
15 0.768519 0.702703 0.062963 0.075676
15 0.774074 0.554054 0.081481 0.091892
