15 0.694444 0.397297 0.100000 0.102703
15 0.696296 0.500000 0.125926 0.113514
15 0.627778 0.745946 0.085185 0.140541
15 0.537037 0.732432 0.111111 0.124324
15 0.262963 0.478378 0.088889 0.091892
15 0.205556 0.556757 0.100000 0.108108
15 0.114815 0.583784 0.103704 0.108108
15 0.150000 0.848649 0.122222 0.108108
15 0.105556 0.735135 0.085185 0.086486
15 0.081481 0.289189 0.096296 0.102703
15 0.200000 0.083784 0.103704 0.135135
15 0.283333 0.070270 0.100000 0.118919
15 0.777778 0.224324 0.081481 0.081081
15 0.720370 0.300000 0.085185 0.081081
15 0.887037 0.745946 0.062963 0.086486
15 0.909259 0.856757 0.040741 0.081081
