15 0.337037 0.062162 0.111111 0.113514
15 0.375926 0.221622 0.100000 0.118919
15 0.961111 0.151351 0.077778 0.151351
15 0.562963 0.305405 0.096296 0.124324
15 0.901852 0.537838 0.077778 0.145946
15 0.964815 0.581081 0.070370 0.135135
15 0.653704 0.381081 0.092593 0.124324
15 0.768519 0.351351 0.092593 0.108108
15 0.492593 0.440541 0.096296 0.091892
15 0.407407 0.337838 0.074074 0.091892
15 0.451852 0.237838 0.074074 0.108108
15 0.038889 0.086486 0.070370 0.108108
15 0.103704 0.181081 0.074074 0.081081
15 0.100000 0.437838 0.096296 0.108108
15 0.346296 0.494595 0.055556 0.091892
15 0.131481 0.697297 0.055556 0.075676
15 0.037037 0.772973 0.059259 0.054054
15 0.227778 0.678378 0.077778 0.113514
15 0.327778 0.759459 0.085185 0.113514
15 0.303704 0.845946 0.081481 0.102703
15 0.218519 0.797297 0.059259 0.070270
15 0.220370 0.862162 0.062963 0.070270
15 0.566667 0.594595 0.081481 0.097297
15 0.555556 0.675676 0.066667 0.097297
15 0.390741 0.691892 0.070370 0.064865
15 0.622222 0.808108 0.066667 0.091892
15 0.561111 0.840541 0.048148 0.091892
15 0.407407 0.772973 0.059259 0.054054
