15 0.811111 0.345946 0.059259 0.064865
15 0.761111 0.324324 0.055556 0.054054
15 0.872222 0.472973 0.077778 0.091892
15 0.951852 0.567568 0.059259 0.075676
15 0.900000 0.605405 0.081481 0.075676
15 0.972222 0.664865 0.055556 0.086486
15 0.629630 0.189189 0.051852 0.064865
15 0.574074 0.283784 0.051852 0.048649
15 0.514815 0.224324 0.037037 0.059459
15 0.485185 0.194595 0.044444 0.064865
15 0.237037 0.562162 0.037037 0.064865
15 0.198148 0.594595 0.055556 0.075676
15 0.135185 0.624324 0.062963 0.059459
15 0.133333 0.535135 0.059259 0.064865
15 0.140741 0.440541 0.044444 0.059459
15 0.092593 0.429730 0.059259 0.070270
15 0.135185 0.375676 0.055556 0.059459
15 0.296296 0.670270 0.081481 0.097297
15 0.227778 0.724324 0.070370 0.064865
15 0.200000 0.810811 0.081481 0.086486
15 0.024074 0.589189 0.040741 0.086486
15 0.044444 0.827027 0.059259 0.075676
15 0.024074 0.927027 0.040741 0.070270
15 0.264815 0.962162 0.055556 0.054054
15 0.068519 0.548649 0.048148 0.059459
15 0.018519 0.489189 0.029630 0.081081
15 0.048148 0.027027 0.037037 0.043243
15 0.403704 0.102703 0.037037 0.054054
