15 0.537037 0.594595 0.177778 0.216216
15 0.272222 0.781081 0.174074 0.232432
15 0.444444 0.097297 0.162963 0.183784
15 0.798148 0.140541 0.159259 0.270270
15 0.240741 0.443243 0.140741 0.162162
15 0.646296 0.210811 0.144444 0.183784
15 0.577778 0.070270 0.140741 0.129730
15 0.938889 0.170270 0.122222 0.210811
15 0.888889 0.594595 0.155556 0.227027
15 0.888889 0.802703 0.170370 0.232432
15 0.709259 0.705405 0.188889 0.264865
15 0.514815 0.743243 0.140741 0.156757
15 0.222222 0.191892 0.103704 0.124324
15 0.303704 0.045946 0.133333 0.081081
