15 0.222222 0.202703 0.088889 0.091892
15 0.562963 0.035135 0.081481 0.059459
15 0.659259 0.281081 0.044444 0.043243
15 0.638889 0.354054 0.062963 0.059459
15 0.685185 0.351351 0.051852 0.064865
15 0.653704 0.408108 0.048148 0.070270
15 0.685185 0.435135 0.044444 0.070270
15 0.735185 0.427027 0.055556 0.075676
15 0.611111 0.454054 0.066667 0.075676
15 0.657407 0.491892 0.048148 0.075676
15 0.659259 0.605405 0.059259 0.064865
15 0.687037 0.675676 0.062963 0.075676
15 0.683333 0.743243 0.048148 0.070270
15 0.690741 0.818919 0.048148 0.070270
15 0.755556 0.262162 0.037037 0.059459
15 0.790741 0.254054 0.048148 0.054054
15 0.846296 0.245946 0.048148 0.070270
15 0.879630 0.210811 0.048148 0.075676
15 0.916667 0.256757 0.055556 0.070270
15 0.918519 0.335135 0.044444 0.064865
15 0.974074 0.405405 0.044444 0.054054
15 0.944444 0.467568 0.051852 0.070270
15 0.957407 0.556757 0.048148 0.054054
15 0.796296 0.251351 0.044444 0.059459
15 0.829630 0.097297 0.051852 0.064865
15 0.683333 0.043243 0.048148 0.064865
15 0.542593 0.075676 0.055556 0.054054
15 0.394444 0.070270 0.055556 0.054054
15 0.050000 0.359459 0.048148 0.070270
15 0.150000 0.324324 0.048148 0.043243
15 0.122222 0.327027 0.037037 0.059459
15 0.027778 0.105405 0.048148 0.048649
15 0.085185 0.286486 0.044444 0.054054
15 0.233333 0.094595 0.037037 0.048649
15 0.207407 0.018919 0.037037 0.027027
