15 0.957407 0.416216 0.085185 0.108108
15 0.712963 0.886486 0.092593 0.118919
15 0.746296 0.494595 0.085185 0.091892
15 0.657407 0.559459 0.077778 0.102703
15 0.946296 0.727027 0.100000 0.091892
15 0.883333 0.964865 0.100000 0.070270
15 0.500000 0.821622 0.096296 0.086486
15 0.574074 0.389189 0.103704 0.097297
15 0.220370 0.154054 0.077778 0.102703
15 0.138889 0.164865 0.077778 0.102703
15 0.070370 0.472973 0.088889 0.091892
15 0.209259 0.456757 0.085185 0.091892
15 0.224074 0.343243 0.077778 0.091892
15 0.168519 0.278378 0.085185 0.091892
16 0.309259 0.508108 0.077778 0.129730
15 0.492593 0.481081 0.074074 0.075676
15 0.270370 0.713514 0.088889 0.118919
15 0.040741 0.697297 0.074074 0.086486
15 0.079630 0.932432 0.077778 0.091892
16 0.396296 0.781081 0.044444 0.081081
15 0.492593 0.940541 0.066667 0.086486
15 0.687037 0.402703 0.085185 0.102703
16 0.492593 0.367568 0.066667 0.097297
