15 0.679630 0.327027 0.048148 0.048649
15 0.851852 0.132432 0.044444 0.027027
15 0.801852 0.081081 0.025926 0.032432
15 0.779630 0.164865 0.033333 0.027027
15 0.937037 0.113514 0.029630 0.043243
15 0.866667 0.240541 0.022222 0.037838
15 0.840741 0.367568 0.037037 0.043243
15 0.894444 0.483784 0.040741 0.048649
15 0.848148 0.481081 0.022222 0.043243
15 0.551852 0.429730 0.029630 0.037838
15 0.431481 0.381081 0.033333 0.037838
15 0.433333 0.413514 0.029630 0.027027
15 0.316667 0.448649 0.033333 0.032432
15 0.175926 0.348649 0.025926 0.037838
15 0.248148 0.478378 0.029630 0.037838
15 0.183333 0.518919 0.025926 0.032432
15 0.477778 0.340541 0.022222 0.032432
15 0.466667 0.316216 0.022222 0.037838
15 0.611111 0.340541 0.022222 0.032432
15 0.653704 0.364865 0.025926 0.037838
15 0.809259 0.437838 0.033333 0.032432
