15 0.800000 0.213514 0.014815 0.027027
15 0.429630 0.256757 0.029630 0.037838
15 0.416667 0.308108 0.018519 0.032432
15 0.398148 0.143243 0.033333 0.027027
15 0.368519 0.159459 0.025926 0.027027
15 0.350000 0.221622 0.025926 0.043243
15 0.381481 0.213514 0.022222 0.037838
15 0.266667 0.256757 0.037037 0.037838
15 0.207407 0.462162 0.037037 0.048649
15 0.161111 0.597297 0.025926 0.048649
15 0.029630 0.375676 0.029630 0.048649
15 0.035185 0.421622 0.033333 0.043243
15 0.133333 0.464865 0.037037 0.043243
15 0.133333 0.505405 0.044444 0.037838
15 0.122222 0.567568 0.029630 0.043243
15 0.109259 0.629730 0.033333 0.037838
15 0.070370 0.535135 0.029630 0.032432
15 0.066667 0.597297 0.044444 0.037838
15 0.051852 0.689189 0.029630 0.037838
15 0.157407 0.321622 0.033333 0.037838
15 0.372222 0.400000 0.025926 0.043243
15 0.353704 0.445946 0.033333 0.037838
15 0.279630 0.335135 0.033333 0.064865
15 0.309259 0.505405 0.040741 0.048649
15 0.274074 0.470270 0.029630 0.043243
15 0.275926 0.554054 0.033333 0.037838
15 0.283333 0.632432 0.033333 0.054054
15 0.627778 0.359459 0.033333 0.048649
15 0.607407 0.362162 0.029630 0.043243
15 0.351852 0.616216 0.022222 0.032432
15 0.361111 0.643243 0.025926 0.032432
15 0.355556 0.681081 0.044444 0.032432
15 0.342593 0.718919 0.040741 0.032432
15 0.261111 0.772973 0.033333 0.032432
15 0.477778 0.756757 0.037037 0.043243
15 0.577778 0.664865 0.037037 0.054054
15 0.544444 0.618919 0.029630 0.059459
15 0.668519 0.548649 0.040741 0.048649
15 0.835185 0.613514 0.033333 0.070270
15 0.783333 0.589189 0.048148 0.064865
15 0.638889 0.478378 0.033333 0.048649
15 0.714815 0.627027 0.022222 0.043243
15 0.742593 0.656757 0.018519 0.037838
15 0.664815 0.640541 0.025926 0.048649
15 0.683333 0.700000 0.025926 0.037838
15 0.474074 0.508108 0.029630 0.043243
15 0.459259 0.462162 0.029630 0.027027
15 0.424074 0.437838 0.033333 0.043243
15 0.488889 0.418919 0.029630 0.037838
