15 0.494444 0.548649 0.062963 0.070270
15 0.870370 0.410811 0.037037 0.043243
15 0.898148 0.464865 0.040741 0.054054
15 0.766667 0.451351 0.059259 0.048649
15 0.724074 0.383784 0.048148 0.054054
15 0.727778 0.197297 0.055556 0.070270
15 0.451852 0.256757 0.044444 0.048649
15 0.211111 0.427027 0.037037 0.043243
15 0.196296 0.332432 0.044444 0.048649
15 0.224074 0.370270 0.040741 0.037838
15 0.187037 0.386486 0.033333 0.037838
15 0.118519 0.302703 0.037037 0.054054
15 0.101852 0.183784 0.048148 0.054054
15 0.127778 0.127027 0.025926 0.048649
15 0.170370 0.105405 0.044444 0.048649
15 0.194444 0.240541 0.033333 0.059459
15 0.038889 0.294595 0.040741 0.037838
15 0.068519 0.327027 0.033333 0.037838
15 0.427778 0.721622 0.040741 0.070270
15 0.405556 0.772973 0.033333 0.043243
15 0.492593 0.451351 0.051852 0.059459
15 0.727778 0.510811 0.040741 0.059459
15 0.714815 0.578378 0.044444 0.043243
15 0.635185 0.548649 0.048148 0.048649
15 0.287037 0.040541 0.040741 0.059459
15 0.472222 0.108108 0.048148 0.054054
15 0.470370 0.051351 0.044444 0.048649
15 0.398148 0.567568 0.048148 0.064865
15 0.883333 0.364865 0.040741 0.037838
15 0.246296 0.162162 0.033333 0.043243
15 0.953704 0.389189 0.033333 0.054054
