15 0.775926 0.364865 0.159259 0.210811
15 0.698148 0.494595 0.174074 0.189189
15 0.648148 0.359459 0.111111 0.135135
15 0.525926 0.259459 0.155556 0.172973
15 0.485185 0.372973 0.118519 0.118919
15 0.388889 0.583784 0.103704 0.140541
15 0.279630 0.716216 0.144444 0.178378
15 0.309259 0.835135 0.151852 0.145946
15 0.196296 0.535135 0.103704 0.108108
15 0.200000 0.610811 0.088889 0.097297
15 0.411111 0.832432 0.103704 0.162162
15 0.787037 0.713514 0.159259 0.183784
15 0.881481 0.097297 0.081481 0.108108
15 0.961111 0.116216 0.077778 0.167568
15 0.701852 0.043243 0.114815 0.075676
15 0.527778 0.083784 0.151852 0.156757
15 0.450000 0.116216 0.122222 0.145946
15 0.033333 0.227027 0.059259 0.075676
15 0.503704 0.589189 0.037037 0.064865
15 0.557407 0.602703 0.048148 0.070270
15 0.516667 0.959459 0.055556 0.059459
