15 0.892593 0.391892 0.162963 0.210811
15 0.862963 0.586486 0.140741 0.210811
15 0.740741 0.681081 0.162963 0.216216
15 0.579630 0.516216 0.151852 0.145946
15 0.527778 0.324324 0.159259 0.205405
15 0.575926 0.083784 0.174074 0.156757
15 0.955556 0.232432 0.088889 0.140541
15 0.325926 0.818919 0.177778 0.232432
15 0.196296 0.883784 0.155556 0.200000
15 0.270370 0.518919 0.155556 0.183784
15 0.114815 0.545946 0.111111 0.172973
15 0.292593 0.210811 0.125926 0.140541
15 0.953704 0.602703 0.092593 0.178378
