15 0.568519 0.302703 0.048148 0.043243
15 0.137037 0.294595 0.037037 0.048649
15 0.051852 0.232432 0.029630 0.043243
15 0.092593 0.400000 0.037037 0.043243
15 0.131481 0.237838 0.025926 0.032432
15 0.259259 0.135135 0.022222 0.032432
15 0.292593 0.037838 0.029630 0.043243
15 0.246296 0.497297 0.040741 0.054054
15 0.416667 0.394595 0.033333 0.043243
15 0.822222 0.648649 0.037037 0.043243
15 0.859259 0.635135 0.029630 0.037838
15 0.966667 0.686486 0.029630 0.043243
15 0.901852 0.235135 0.025926 0.037838
15 0.494444 0.348649 0.025926 0.037838
15 0.379630 0.191892 0.033333 0.037838
