15 0.633333 0.289189 0.096296 0.124324
15 0.959259 0.083784 0.081481 0.124324
15 0.572222 0.351351 0.077778 0.086486
15 0.461111 0.327027 0.040741 0.059459
15 0.381481 0.237838 0.044444 0.054054
15 0.324074 0.224324 0.040741 0.070270
15 0.344444 0.845946 0.081481 0.091892
15 0.703704 0.718919 0.074074 0.097297
15 0.627778 0.689189 0.062963 0.070270
15 0.579630 0.659459 0.040741 0.054054
15 0.531481 0.670270 0.055556 0.064865
15 0.538889 0.718919 0.040741 0.054054
15 0.375926 0.800000 0.055556 0.086486
15 0.385185 0.740541 0.051852 0.086486
15 0.242593 0.910811 0.048148 0.059459
15 0.188889 0.862162 0.059259 0.081081
15 0.242593 0.856757 0.040741 0.048649
15 0.279630 0.824324 0.048148 0.059459
15 0.238889 0.813514 0.040741 0.059459
15 0.057407 0.218919 0.040741 0.059459
15 0.033333 0.056757 0.051852 0.070270
15 0.437037 0.810811 0.066667 0.075676
16 0.333333 0.754054 0.051852 0.070270
16 0.285185 0.772973 0.059259 0.064865
