15 0.531481 0.472973 0.129630 0.081081
15 0.625926 0.616216 0.118519 0.086486
15 0.679630 0.689189 0.107407 0.081081
15 0.592593 0.770270 0.088889 0.081081
15 0.459259 0.627027 0.088889 0.086486
15 0.475926 0.700000 0.077778 0.070270
15 0.477778 0.786486 0.118519 0.081081
15 0.487037 0.862162 0.122222 0.059459
15 0.638889 0.854054 0.085185 0.097297
15 0.485185 0.529730 0.096296 0.064865
15 0.453704 0.200000 0.114815 0.086486
15 0.568519 0.140541 0.100000 0.064865
15 0.524074 0.056757 0.100000 0.059459
15 0.531481 0.240541 0.114815 0.070270
15 0.646296 0.340541 0.092593 0.086486
15 0.561111 0.313514 0.114815 0.064865
15 0.535185 0.397297 0.100000 0.081081
15 0.707407 0.605405 0.088889 0.086486
