15 0.583333 0.359459 0.381481 0.254054
15 0.472222 0.600000 0.388889 0.248649
15 0.657407 0.116216 0.411111 0.221622
15 0.298148 0.362162 0.300000 0.205405
15 0.096296 0.062162 0.177778 0.113514
15 0.122222 0.227027 0.207407 0.129730
15 0.801852 0.283784 0.218519 0.167568
15 0.818519 0.502703 0.318519 0.237838
15 0.755556 0.751351 0.251852 0.194595
15 0.535185 0.805405 0.322222 0.194595
15 0.170370 0.721622 0.214815 0.124324
15 0.235185 0.840541 0.188889 0.135135
15 0.077778 0.821622 0.148148 0.129730
15 0.051852 0.648649 0.096296 0.151351
15 0.181481 0.708108 0.192593 0.118919
15 0.446296 0.924324 0.255556 0.129730
