15 0.514815 0.470270 0.051852 0.054054
15 0.555556 0.316216 0.037037 0.048649
15 0.450000 0.645946 0.048148 0.070270
15 0.335185 0.770270 0.040741 0.059459
15 0.351852 0.821622 0.051852 0.043243
15 0.312963 0.859459 0.048148 0.043243
15 0.122222 0.427027 0.051852 0.064865
15 0.227778 0.340541 0.040741 0.054054
15 0.255556 0.316216 0.037037 0.048649
15 0.175926 0.051351 0.040741 0.059459
15 0.211111 0.078378 0.044444 0.048649
15 0.029630 0.318919 0.037037 0.064865
15 0.048148 0.521622 0.037037 0.037838
15 0.609259 0.578378 0.055556 0.064865
15 0.561111 0.532432 0.055556 0.059459
15 0.372222 0.700000 0.048148 0.059459
15 0.359259 0.367568 0.037037 0.054054
15 0.368519 0.300000 0.040741 0.070270
15 0.407407 0.308108 0.044444 0.054054
15 0.405556 0.372973 0.040741 0.054054
15 0.490741 0.408108 0.055556 0.059459
15 0.481481 0.464865 0.037037 0.054054
15 0.518519 0.356757 0.051852 0.064865
15 0.083333 0.140541 0.048148 0.054054
15 0.281481 0.218919 0.044444 0.048649
15 0.242593 0.164865 0.040741 0.059459
15 0.294444 0.267568 0.040741 0.048649
15 0.105556 0.583784 0.040741 0.054054
15 0.472222 0.794595 0.048148 0.064865
15 0.333333 0.681081 0.037037 0.043243
15 0.505556 0.621622 0.033333 0.054054
15 0.500000 0.718919 0.074074 0.064865
15 0.761111 0.527027 0.048148 0.059459
15 0.620370 0.229730 0.040741 0.059459
15 0.679630 0.327027 0.048148 0.059459
