15 0.737037 0.167568 0.111111 0.118919
15 0.716667 0.578378 0.122222 0.118919
15 0.318519 0.435135 0.096296 0.091892
15 0.175926 0.591892 0.092593 0.091892
15 0.155556 0.783784 0.074074 0.075676
15 0.072222 0.043243 0.122222 0.075676
15 0.205556 0.297297 0.070370 0.075676
15 0.959259 0.178378 0.081481 0.118919
15 0.961111 0.402703 0.077778 0.145946
15 0.566667 0.681081 0.081481 0.097297
15 0.022222 0.570270 0.037037 0.124324
15 0.300000 0.640541 0.066667 0.070270
15 0.450000 0.567568 0.070370 0.075676
15 0.707407 0.910811 0.066667 0.070270
15 0.818519 0.764865 0.051852 0.102703
15 0.483333 0.440541 0.070370 0.102703
15 0.283333 0.329730 0.077778 0.086486
15 0.246296 0.524324 0.077778 0.097297
15 0.911111 0.081081 0.111111 0.086486
15 0.425926 0.327027 0.081481 0.091892
