1 0.481365 0.643112 0.231886 0.315421
1 0.90067 0.674278 0.121019 0.147177
1 0.450634 0.522493 0.208136 0.300107
1 0.621973 0.38578 0.23056 0.28435
1 0.337122 0.327759 0.22001 0.292614
1 0.151023 0.49903 0.210796 0.272798
1 0.62095 0.644763 0.21493 0.31386
1 0.833035 0.25405 0.209128 0.34157
1 0.107717 0.771986 0.113154 0.135402
1 0.364585 0.719656 0.228605 0.371827
1 0.675337 0.338801 0.190662 0.266968
1 0.549849 0.73405 0.199495 0.290105
1 0.709837 0.213878 0.189223 0.223844
1 0.110973 0.285463 0.177887 0.269146
1 0.350309 0.790644 0.155883 0.209626
1 0.470017 0.238392 0.135284 0.152326
1 0.487976 0.632441 0.135387 0.185569
1 0.677864 0.500684 0.118071 0.142368
1 0.30801 0.201101 0.173463 0.269761
1 0.587349 0.631733 0.160353 0.258378
1 0.31188 0.197359 0.142029 0.229981
1 0.226136 0.700515 0.346479 0.394202
1 0.519557 0.490236 0.358071 0.438213
1 0.77205 0.489342 0.243947 0.360358
1 0.42761 0.699381 0.210876 0.198472
1 0.189714 0.357595 0.19138 0.186019
1 0.476884 0.341427 0.167925 0.189465
1 0.589141 0.72609 0.19764 0.179351
1 0.479609 0.343555 0.167669 0.134993
1 0.353859 0.110398 0.195812 0.202171
1 0.629614 0.238967 0.134625 0.170597
1 0.55181 0.459295 0.170957 0.268741
1 0.421055 0.471416 0.154396 0.250574
1 0.0396284 0.815424 0.0792567 0.202483
1 0.635302 0.690327 0.143857 0.246433
1 0.321104 0.409998 0.349488 0.48073
0 0.62938 0.425223 0.424934 0.589574
1 0.948219 0.421241 0.0963978 0.137904
1 0.714486 0.883684 0.10072 0.142563
1 0.660682 0.557235 0.0819817 0.115258
1 0.746045 0.489626 0.0905191 0.128788
1 0.263189 0.466136 0.105573 0.135591
1 0.923502 0.718571 0.0796092 0.108641
1 0.269167 0.336626 0.0761595 0.111383
1 0.31707 0.711026 0.0902462 0.129454
1 0.101356 0.699019 0.076862 0.108156
0 0.531223 0.471296 0.684415 0.918808
0 0.419644 0.472036 0.517608 0.842617
1 0.0813396 0.128852 0.161592 0.247591
1 0.468598 0.515421 0.377142 0.241797
1 0.941691 0.871389 0.116618 0.24224
1 0.918059 0.875353 0.163882 0.232899
1 0.420615 0.509747 0.256371 0.243553
1 0.49303 0.428943 0.0657516 0.114543
1 0.493943 0.429507 0.0813963 0.133202
1 0.285949 0.862553 0.174252 0.239245
1 0.665406 0.374932 0.13378 0.197174
1 0.820524 0.793006 0.119462 0.176418
1 0.0775383 0.282455 0.153677 0.262782
1 0.327174 0.127784 0.155358 0.219641
1 0.429921 0.50882 0.0996734 0.173267
1 0.129418 0.385527 0.0856135 0.110392
1 0.866838 0.79999 0.0729855 0.102521
1 0.891205 0.602885 0.105131 0.117558
1 0.282772 0.579565 0.117007 0.16808
1 0.340857 0.215248 0.143918 0.216477
1 0.796529 0.241637 0.124957 0.167007
1 0.771515 0.5088 0.107668 0.158858
1 0.936193 0.52908 0.127602 0.171222
1 0.880735 0.37303 0.115987 0.14744
1 0.955553 0.7123 0.0882477 0.148679
1 0.683176 0.740991 0.188707 0.244008
1 0.445923 0.34683 0.119968 0.168084
1 0.0357295 0.627505 0.0714591 0.190085
1 0.279725 0.576719 0.138072 0.204975
1 0.350236 0.519857 0.111438 0.143442
1 0.450821 0.485806 0.100153 0.138478
1 0.579219 0.422982 0.10325 0.150524
1 0.168843 0.28109 0.116603 0.144561
1 0.251987 0.587506 0.106691 0.129873
1 0.17221 0.416082 0.116408 0.139817
1 0.421151 0.653401 0.0925169 0.129896
1 0.889292 0.210172 0.106752 0.148705
1 0.928915 0.0409565 0.134689 0.081913
1 0.909798 0.404659 0.117225 0.173359
1 0.915498 0.195844 0.139384 0.200921
1 0.851149 0.0844911 0.135443 0.125619
1 0.718986 0.583986 0.131565 0.161716
1 0.728755 0.1836 0.129289 0.175358
1 0.169943 0.570169 0.0915291 0.150718
1 0.0447845 0.758176 0.089569 0.121854
1 0.0522561 0.0946429 0.104512 0.176623
1 0.129459 0.156934 0.136965 0.181101
1 0.176714 0.57296 0.123972 0.185246
1 0.22655 0.055257 0.146115 0.110514
1 0.423806 0.444369 0.11961 0.164822
1 0.427171 0.52066 0.204561 0.296669
1 0.321392 0.328049 0.207314 0.292279
1 0.591469 0.369892 0.23123 0.316135
1 0.143283 0.494688 0.199666 0.269617
1 0.791221 0.252345 0.214246 0.342345
1 0.591831 0.646506 0.206079 0.314052
1 0.924911 0.16805 0.150178 0.314301
1 0.574013 0.675447 0.251671 0.382237
1 0.47936 0.342401 0.156863 0.1332
1 0.430482 0.697234 0.195944 0.184506
1 0.363718 0.111671 0.178108 0.197256
1 0.588622 0.72448 0.183694 0.17118
1 0.473722 0.351494 0.158854 0.203941
1 0.199713 0.359651 0.18676 0.178985
1 0.601838 0.445997 0.210377 0.190408
1 0.244755 0.701222 0.315035 0.394835
1 0.513042 0.483584 0.324134 0.441267
1 0.743363 0.483943 0.214526 0.333841
1 0.917619 0.168013 0.137177 0.158876
1 0.628398 0.32344 0.0968467 0.127935
1 0.471058 0.272219 0.218717 0.33815
1 0.620942 0.739304 0.197239 0.272109
1 0.522536 0.502116 0.223008 0.328141
1 0.283157 0.936225 0.147037 0.122705
1 0.367849 0.610864 0.184419 0.248701
1 0.552165 0.458956 0.172427 0.268613
1 0.421368 0.471974 0.152572 0.251805
1 0.634782 0.682588 0.124949 0.21938
1 0.0390925 0.818922 0.0781851 0.195902
1 0.750028 0.596447 0.270962 0.433291
1 0.182679 0.478888 0.312024 0.428215
1 0.798732 0.516022 0.314934 0.434403
1 0.522302 0.526997 0.201382 0.283191
1 0.592296 0.710643 0.242683 0.305858
0 0.756549 0.293587 0.413396 0.569581
0 0.457437 0.417795 0.373164 0.542448
1 0.794269 0.693571 0.219418 0.314828
1 0.488135 0.110323 0.181345 0.220647
1 0.475918 0.577035 0.165113 0.215634
0 0.502074 0.463639 0.370863 0.58863
1 0.840821 0.307195 0.169638 0.327905
1 0.252105 0.428949 0.156779 0.200033
1 0.916369 0.457106 0.135587 0.147118
1 0.332727 0.216105 0.269095 0.286628
1 0.620013 0.16367 0.323716 0.327339
1 0.459802 0.748766 0.242006 0.275823
1 0.375539 0.510824 0.298614 0.347177
1 0.366061 0.83911 0.121397 0.155954
1 0.530931 0.566544 0.0884297 0.126279
1 0.486376 0.383636 0.11539 0.163247
1 0.45952 0.590409 0.0799415 0.113825
1 0.17679 0.377826 0.22921 0.270238
1 0.402715 0.200528 0.208614 0.258909
1 0.571165 0.275044 0.200447 0.230652
1 0.358213 0.810718 0.221967 0.281886
1 0.31223 0.607119 0.218407 0.279402
1 0.556987 0.541317 0.254555 0.297291
1 0.0487068 0.945412 0.096992 0.108461
1 0.78761 0.883641 0.181506 0.213047
1 0.949162 0.680746 0.101677 0.16177
1 0.950419 0.490163 0.0991612 0.152897
1 0.260228 0.51708 0.0790494 0.102519
1 0.2242 0.851667 0.0652849 0.0982426
1 0.906021 0.635153 0.0922614 0.0919055
1 0.544617 0.169015 0.120299 0.183951
1 0.947946 0.491374 0.104108 0.106995
1 0.674578 0.394872 0.15535 0.210496
0 0.609408 0.651682 0.214325 0.252015
0 0.554523 0.83284 0.289833 0.287108
0 0.432478 0.671108 0.230628 0.32434
1 0.0616111 0.19948 0.122582 0.222644
1 0.23475 0.435558 0.0773991 0.121677
1 0.130058 0.850143 0.0832657 0.102137
1 0.807827 0.565997 0.0916994 0.123868
1 0.912719 0.112766 0.0753837 0.10755
1 0.204012 0.350361 0.0729595 0.102964
1 0.0584627 0.583416 0.0691904 0.105485
1 0.221035 0.422317 0.0684639 0.0939955
1 0.227007 0.228741 0.0652778 0.112615
1 0.133762 0.38864 0.0633401 0.102924
1 0.478323 0.379341 0.0765093 0.117541
1 0.582952 0.689462 0.0669762 0.115981
1 0.822301 0.493345 0.355399 0.469218
1 0.657513 0.688688 0.233829 0.383281
1 0.480734 0.416327 0.264897 0.355078
1 0.101909 0.514601 0.193987 0.2611
1 0.224946 0.433641 0.238432 0.312062
1 0.120915 0.748041 0.0852068 0.121924
1 0.0606161 0.518011 0.116709 0.122967
1 0.348443 0.297038 0.0870357 0.11001
1 0.280704 0.102347 0.0850961 0.101931
1 0.468837 0.26951 0.0941918 0.11779
1 0.104323 0.612619 0.0733563 0.0995686
1 0.0715635 0.202338 0.142323 0.219632
1 0.277605 0.442426 0.101306 0.130332
1 0.186198 0.463828 0.108194 0.115116
1 0.0612225 0.195998 0.122445 0.175816
1 0.152435 0.855585 0.0980286 0.0991684
1 0.318205 0.449623 0.331012 0.540352
1 0.23817 0.304786 0.235673 0.307995
1 0.457123 0.369237 0.267862 0.3376
1 0.369225 0.875401 0.254719 0.23622
1 0.0902785 0.706401 0.179661 0.338264
1 0.766579 0.716753 0.226041 0.295832
1 0.837129 0.525612 0.186774 0.224815
1 0.855399 0.888623 0.265798 0.213354
1 0.316316 0.642719 0.232552 0.312499
1 0.570784 0.594311 0.258524 0.313265
1 0.949403 0.559469 0.101194 0.333079
1 0.168858 0.539193 0.201653 0.252366
1 0.332348 0.11728 0.333607 0.23456
1 0.759992 0.598476 0.273496 0.430135
1 0.318629 0.872009 0.167253 0.230927
1 0.815026 0.517833 0.320408 0.438559
1 0.186364 0.479408 0.31529 0.43013
1 0.528183 0.52778 0.202708 0.283623
1 0.599112 0.715809 0.245353 0.300732
0 0.40147 0.409527 0.312518 0.35938
0 0.862273 0.567081 0.255852 0.28081
1 0.669956 0.485923 0.137394 0.158923
1 0.178724 0.50412 0.141361 0.151104
1 0.673249 0.499722 0.157399 0.222124
0 0.514676 0.576477 0.165386 0.255909
0 0.795125 0.102277 0.160004 0.177961
1 0.367665 0.55174 0.12299 0.194518
1 0.375797 0.720043 0.134051 0.220396
1 0.794856 0.259373 0.102634 0.166776
1 0.646819 0.710292 0.350986 0.486159
1 0.252375 0.494411 0.362556 0.461435
1 0.20635 0.473368 0.269093 0.489068
1 0.622746 0.188546 0.192074 0.248853
1 0.596537 0.504527 0.209876 0.246807
1 0.663073 0.664785 0.16843 0.237638
1 0.236215 0.764978 0.122034 0.161089
1 0.504593 0.63393 0.16962 0.292034
1 0.0655883 0.938444 0.130085 0.120152
1 0.519992 0.82792 0.137162 0.23446
1 0.277806 0.106558 0.12873 0.173291
1 0.104541 0.486477 0.11467 0.1784
1 0.476787 0.171516 0.132144 0.195461
1 0.193628 0.272985 0.119898 0.162544
1 0.0720856 0.639632 0.122982 0.190591
1 0.430919 0.252888 0.123208 0.165647
1 0.178636 0.516277 0.0907067 0.148195
1 0.154504 0.659286 0.0972508 0.151382
1 0.202604 0.671907 0.213771 0.34242
1 0.369901 0.841021 0.239428 0.311798
1 0.819491 0.68858 0.254461 0.402971
1 0.823805 0.224282 0.248007 0.420617
1 0.276898 0.266094 0.257321 0.399161
1 0.445623 0.15439 0.239369 0.30878
1 0.449301 0.541851 0.212612 0.356109
1 0.597469 0.62989 0.16479 0.288051
1 0.179103 0.379961 0.223562 0.272947
1 0.401708 0.199819 0.205576 0.251926
1 0.567693 0.274287 0.192307 0.237328
1 0.359541 0.810172 0.22047 0.2822
1 0.312479 0.608357 0.212508 0.286254
1 0.551133 0.540482 0.261093 0.297762
1 0.0508761 0.938268 0.101272 0.123465
1 0.788101 0.885292 0.183742 0.21027
1 0.790325 0.900688 0.155818 0.162376
1 0.944244 0.680204 0.11137 0.161188
1 0.891809 0.750874 0.20712 0.284294
1 0.727141 0.569413 0.399915 0.530785
1 0.365066 0.208133 0.399738 0.416267
1 0.789533 0.290217 0.314576 0.228226
1 0.477167 0.297505 0.286384 0.18836
1 0.621297 0.403145 0.330987 0.236917
0 0.674317 0.783046 0.152702 0.283035
0 0.0288913 0.793741 0.0577826 0.309294
1 0.613363 0.606951 0.0742218 0.115198
1 0.828547 0.565604 0.0925556 0.126655
1 0.93881 0.112354 0.0786701 0.109529
1 0.219271 0.421479 0.0692812 0.0962583
1 0.226293 0.22512 0.0698221 0.108945
1 0.2044 0.351657 0.078316 0.10552
1 0.0508915 0.580256 0.0753712 0.104138
1 0.129124 0.388718 0.065894 0.104332
1 0.598981 0.690845 0.0737066 0.116062
1 0.74624 0.629052 0.292178 0.424675
1 0.382959 0.55518 0.274321 0.421269
1 0.25375 0.223644 0.264617 0.420352
1 0.489179 0.631373 0.120486 0.122299
1 0.454467 0.416463 0.145493 0.119201
1 0.569193 0.34175 0.129018 0.113124
1 0.925519 0.300842 0.14803 0.137322
1 0.294687 0.65434 0.306514 0.251387
1 0.574293 0.732911 0.364697 0.264236
1 0.630301 0.443002 0.348287 0.259117
1 0.472227 0.446729 0.228569 0.359351
1 0.272659 0.603906 0.211944 0.337472
1 0.652853 0.345631 0.237872 0.380133
1 0.413246 0.727982 0.177552 0.239176
1 0.661927 0.574651 0.22579 0.234428
1 0.632209 0.706824 0.344841 0.487102
1 0.230755 0.510854 0.356978 0.430087
1 0.241991 0.577417 0.3814 0.296718
1 0.24098 0.508416 0.193021 0.303158
1 0.917876 0.141868 0.100189 0.143118
1 0.80843 0.686969 0.270276 0.410309
1 0.814367 0.223629 0.258296 0.421407
1 0.3329 0.842738 0.249753 0.309713
1 0.157691 0.671707 0.222354 0.342804
1 0.233791 0.272846 0.271037 0.384775
1 0.407905 0.153673 0.237005 0.307347
1 0.574793 0.631063 0.173945 0.287766
1 0.423493 0.542137 0.220091 0.34987
1 0.415539 0.483723 0.109048 0.166187
1 0.704887 0.522001 0.097611 0.145349
1 0.295522 0.107386 0.13195 0.170788
1 0.109046 0.486733 0.11693 0.177861
1 0.509551 0.1727 0.133637 0.191463
1 0.208216 0.273682 0.122826 0.161524
1 0.0779187 0.637107 0.13233 0.184895
1 0.456404 0.253489 0.126453 0.164983
1 0.188713 0.516009 0.0919943 0.148266
1 0.513444 0.398945 0.0969019 0.127795
1 0.504746 0.62868 0.134839 0.178226
1 0.299704 0.70672 0.197285 0.161131
1 0.244766 0.564739 0.187207 0.146555
1 0.486991 0.488466 0.184635 0.119922
1 0.464168 0.476005 0.223882 0.164427
1 0.871231 0.626701 0.246182 0.422236
1 0.463608 0.547325 0.354627 0.443691
1 0.292766 0.222915 0.327434 0.412753
1 0.484861 0.446536 0.268381 0.363624
1 0.232871 0.60245 0.256935 0.339508
1 0.711461 0.339611 0.278502 0.385249
1 0.413861 0.724409 0.224576 0.251238
1 0.728549 0.569901 0.287215 0.243368
1 0.268637 0.325696 0.28724 0.39036
1 0.336164 0.724905 0.328557 0.49272
1 0.146074 0.617968 0.289533 0.396833
1 0.512584 0.430272 0.36386 0.54172
1 0.804833 0.45959 0.303097 0.497101
1 0.217464 0.33401 0.167372 0.193225
1 0.294453 0.362458 0.16793 0.22411
1 0.04959 0.577498 0.09918 0.177643
1 0.914421 0.352726 0.1043 0.139497
1 0.729952 0.195386 0.114847 0.127941
1 0.130271 0.550754 0.112872 0.151567
1 0.611159 0.251496 0.149164 0.175386
1 0.872404 0.581555 0.107231 0.133624
1 0.85472 0.463643 0.135451 0.12824
1 0.591808 0.403831 0.138642 0.157216
1 0.0484922 0.289086 0.0960669 0.116302
1 0.0494885 0.732465 0.0987595 0.118332
1 0.418168 0.116601 0.174111 0.21042
1 0.608837 0.0426154 0.149287 0.0852307
1 0.454533 0.464929 0.212225 0.340806
1 0.535551 0.218181 0.186702 0.320764
0 0.35822 0.183918 0.2573 0.367837
1 0.357103 0.191793 0.254053 0.37219
1 0.785778 0.258879 0.282083 0.244084
1 0.615109 0.366173 0.278061 0.237454
1 0.47901 0.267262 0.267423 0.214838
1 0.32697 0.590226 0.36866 0.202854
1 0.249696 0.507021 0.198181 0.311361
1 0.91944 0.135818 0.0909429 0.130496
1 0.92584 0.142844 0.109491 0.165283
1 0.445811 0.462688 0.238769 0.347704
0 0.34371 0.186361 0.279775 0.372723
1 0.798451 0.242776 0.256911 0.358448
1 0.347532 0.486396 0.372044 0.558215
1 0.506556 0.445299 0.182146 0.239105
1 0.316428 0.474694 0.174228 0.257103
1 0.943727 0.173956 0.112149 0.277163
1 0.663342 0.50493 0.147804 0.223561
1 0.241307 0.752688 0.159539 0.258021
1 0.959833 0.169955 0.0802673 0.291092
1 0.492376 0.249821 0.167641 0.203505
1 0.155012 0.393577 0.147724 0.207409
1 0.332559 0.319993 0.093239 0.135955
1 0.0578545 0.0611327 0.0897017 0.111847
1 0.294836 0.413847 0.0878781 0.1058
1 0.184732 0.617614 0.10871 0.102022
1 0.952418 0.0988502 0.0944168 0.138713
1 0.321601 0.0857056 0.0899383 0.126822
1 0.323579 0.396654 0.0754836 0.0914759
1 0.295017 0.563512 0.083779 0.0848922
1 0.0428427 0.65166 0.0856854 0.144295
1 0.039895 0.638878 0.0794546 0.107786
1 0.0658627 0.364431 0.131725 0.388267
1 0.63325 0.616135 0.419037 0.488389
1 0.458557 0.659571 0.110033 0.149572
1 0.434964 0.508631 0.110303 0.164264
1 0.728004 0.479195 0.104037 0.161589
1 0.670788 0.586837 0.0927493 0.156141
1 0.508204 0.743356 0.0890531 0.135675
1 0.533718 0.118343 0.133257 0.179978
1 0.50178 0.478613 0.088646 0.138886
1 0.553754 0.28454 0.101768 0.134822
1 0.95711 0.595898 0.0857209 0.185163
1 0.962102 0.828329 0.0757199 0.184672
1 0.949614 0.0420726 0.0733136 0.0841453
1 0.635438 0.356249 0.0752271 0.11645
1 0.506198 0.478185 0.111443 0.164986
1 0.674667 0.591155 0.117676 0.187678
1 0.267671 0.158818 0.0935661 0.1205
1 0.906029 0.768741 0.0916734 0.150584
1 0.959524 0.583573 0.0791126 0.135058
1 0.297343 0.304537 0.0856007 0.157757
1 0.431477 0.509158 0.0907721 0.139264
1 0.80736 0.564861 0.0919275 0.124762
1 0.91286 0.112345 0.0751202 0.108234
1 0.132693 0.38865 0.0634884 0.10504
1 0.584567 0.690972 0.0671166 0.113311
1 0.477008 0.378552 0.0761606 0.114165
1 0.201873 0.351404 0.0699778 0.104053
1 0.226391 0.226344 0.0665793 0.109402
1 0.221914 0.424667 0.0689469 0.0993296
1 0.877645 0.394528 0.139346 0.101181
1 0.859398 0.469408 0.114089 0.0923364
1 0.346219 0.685748 0.114704 0.0929479
1 0.261013 0.231397 0.259612 0.396837
1 0.254342 0.572756 0.20007 0.296418
1 0.450191 0.800936 0.264583 0.385275
1 0.853941 0.513443 0.259911 0.352839
1 0.747608 0.366979 0.215013 0.272611
1 0.629818 0.430274 0.32524 0.466683
1 0.457596 0.602932 0.23444 0.32879
1 0.482242 0.503125 0.223519 0.326456
1 0.681834 0.466235 0.235797 0.358426
1 0.750234 0.764155 0.23219 0.315175
1 0.157737 0.094085 0.184725 0.18817
1 0.0295472 0.381568 0.0590944 0.105323
1 0.138292 0.0861374 0.134508 0.162123
1 0.526395 0.395531 0.0707648 0.0897018
1 0.671992 0.313568 0.0867283 0.0911544
1 0.225705 0.327198 0.216804 0.17711
1 0.123002 0.183202 0.228735 0.205254
1 0.615015 0.639565 0.245346 0.151507
1 0.455079 0.482953 0.263398 0.186086
1 0.275342 0.5963 0.129632 0.123103
1 0.600315 0.901062 0.191197 0.170353
1 0.31269 0.689051 0.167326 0.114048
1 0.205625 0.214338 0.109812 0.175452
1 0.565409 0.385229 0.0793312 0.11971
1 0.151997 0.380607 0.202104 0.277359
1 0.30395 0.812511 0.193432 0.27631
1 0.347463 0.205436 0.185286 0.25113
1 0.491084 0.275665 0.170996 0.233142
1 0.472877 0.539235 0.22084 0.280729
1 0.267614 0.607968 0.189407 0.292676
1 0.933772 0.607202 0.132327 0.206877
1 0.877845 0.886983 0.162419 0.211041
1 0.0438398 0.947106 0.0876795 0.103187
1 0.682698 0.888538 0.130067 0.196268
1 0.826542 0.679002 0.11249 0.181632
1 0.0480339 0.934041 0.0956398 0.131917
1 0.473408 0.52168 0.0769981 0.107677
1 0.723053 0.196192 0.070999 0.0963996
1 0.205814 0.384569 0.0862445 0.117512
1 0.346993 0.415983 0.191629 0.208368
1 0.185462 0.661896 0.174845 0.208508
1 0.17388 0.264997 0.238442 0.333586
1 0.322836 0.707708 0.182911 0.204674
1 0.462309 0.907573 0.173687 0.173374
1 0.126771 0.79062 0.191314 0.246275
1 0.806625 0.431253 0.20592 0.217222
1 0.298173 0.864963 0.180762 0.214286
1 0.749934 0.589309 0.207723 0.322633
1 0.282363 0.713743 0.220276 0.149452
1 0.210459 0.561526 0.177815 0.151635
1 0.216003 0.57138 0.192377 0.10566
1 0.489564 0.49151 0.194177 0.12204
1 0.558189 0.425143 0.34628 0.478959
1 0.370725 0.598358 0.257776 0.340206
1 0.13736 0.269552 0.264393 0.343865
1 0.296265 0.697195 0.208106 0.212884
1 0.322743 0.413144 0.220152 0.208844
1 0.456546 0.902082 0.203751 0.184451
1 0.128904 0.667806 0.232636 0.245931
1 0.795211 0.562078 0.279172 0.389658
1 0.532437 0.503015 0.201587 0.215673
1 0.264829 0.863802 0.195506 0.214191
1 0.0725683 0.787118 0.144356 0.232455
1 0.160072 0.214358 0.117786 0.176394
1 0.5463 0.386538 0.0861264 0.116784
1 0.487316 0.475467 0.135385 0.149977
1 0.594809 0.46639 0.0893696 0.117754
1 0.678076 0.442408 0.0724123 0.111884
1 0.867712 0.522888 0.113934 0.14989
1 0.269238 0.318037 0.123811 0.202132
1 0.649432 0.905818 0.129864 0.180233
1 0.56973 0.555866 0.150381 0.229734
1 0.465207 0.76505 0.16482 0.229739
1 0.426479 0.623145 0.126022 0.207875
1 0.223429 0.549751 0.139024 0.23165
1 0.351385 0.585707 0.114968 0.182901
1 0.658865 0.662342 0.08778 0.199857
1 0.893296 0.399781 0.143489 0.0899101
1 0.877316 0.474379 0.113058 0.0760005
1 0.339923 0.690037 0.105836 0.0770577
1 0.424515 0.657097 0.114177 0.159245
1 0.526701 0.271711 0.120742 0.157129
1 0.395984 0.506309 0.101203 0.159675
1 0.651501 0.58601 0.103828 0.164906
1 0.477844 0.745051 0.0895187 0.130318
1 0.471814 0.481214 0.0941978 0.140271
1 0.501504 0.128761 0.147215 0.182856
1 0.713496 0.481321 0.104575 0.156628
1 0.223791 0.156093 0.111004 0.142952
1 0.964832 0.825332 0.0702951 0.184834
1 0.954501 0.592825 0.0906191 0.188175
1 0.256108 0.304955 0.0968803 0.172645
1 0.611431 0.356328 0.0795563 0.117662
1 0.949072 0.042653 0.0771774 0.085306
1 0.620767 0.359288 0.104841 0.139134
1 0.208572 0.347283 0.248092 0.148115
1 0.621887 0.642352 0.261202 0.167051
1 0.111379 0.207688 0.221258 0.176772
1 0.906464 0.396266 0.172509 0.204331
1 0.461415 0.474782 0.27982 0.195803
1 0.366831 0.5205 0.119113 0.158426
1 0.473538 0.484216 0.102383 0.142747
1 0.609304 0.418364 0.112717 0.16251
1 0.265747 0.585238 0.107936 0.135705
1 0.177084 0.283537 0.130569 0.149326
1 0.183331 0.414491 0.119144 0.143687
1 0.937799 0.210572 0.113192 0.149062
1 0.633804 0.596183 0.106102 0.139726
1 0.446124 0.653376 0.0909846 0.132741
1 0.0573947 0.196689 0.114789 0.170957
1 0.0662893 0.202864 0.132088 0.216652
1 0.254207 0.441615 0.0938872 0.133988
1 0.166383 0.46385 0.0923071 0.112095
1 0.138001 0.853019 0.0791145 0.0990017
1 0.377812 0.682715 0.349741 0.454265
1 0.549066 0.368534 0.370859 0.545672
0 0.552573 0.367354 0.389401 0.563131
1 0.18228 0.500677 0.222954 0.272586
1 0.207057 0.472069 0.285331 0.336984
1 0.168532 0.378899 0.216721 0.270303
1 0.383192 0.205806 0.19336 0.242314
1 0.53724 0.276836 0.181326 0.231561
1 0.332663 0.813876 0.210649 0.281602
1 0.296081 0.610102 0.199798 0.296371
1 0.0460637 0.938636 0.0919284 0.12202
1 0.513572 0.534214 0.226176 0.285209
1 0.937316 0.883706 0.125368 0.2156
1 0.741303 0.886186 0.174655 0.210313
1 0.904681 0.676949 0.13267 0.172297
1 0.424731 0.500296 0.157986 0.248335
1 0.0795009 0.639564 0.157164 0.266398
1 0.213732 0.600704 0.137447 0.167784
1 0.305927 0.48524 0.146044 0.235411
1 0.402294 0.891758 0.168629 0.202956
1 0.555495 0.429458 0.178886 0.258366
1 0.281402 0.753529 0.114754 0.156411
1 0.187685 0.0709785 0.195671 0.141957
1 0.415064 0.279845 0.184424 0.21934
1 0.588932 0.807095 0.110376 0.203212
1 0.539405 0.519976 0.129279 0.217402
1 0.507855 0.856827 0.0886967 0.164965
1 0.038861 0.59094 0.077722 0.114733
1 0.575912 0.759671 0.106962 0.0984514
1 0.1298 0.435396 0.254051 0.309145
1 0.381001 0.803077 0.297958 0.308214
1 0.626149 0.42758 0.271064 0.285329
1 0.867063 0.490071 0.252862 0.365261
1 0.636736 0.662326 0.0811634 0.0943121
1 0.950739 0.673753 0.098521 0.165799
1 0.571595 0.197683 0.159504 0.136866
1 0.677802 0.416678 0.168763 0.138449
1 0.674739 0.402723 0.164111 0.205174
1 0.571425 0.195883 0.167917 0.191189
1 0.795314 0.275769 0.317218 0.239486
1 0.478329 0.29612 0.292615 0.180109
1 0.626622 0.394795 0.325439 0.244409
1 0.551201 0.458811 0.170133 0.268565
1 0.421738 0.471127 0.151399 0.251326
1 0.636624 0.682281 0.129625 0.221817
1 0.0393608 0.818097 0.0787216 0.199674
1 0.52321 0.335442 0.30698 0.421729
1 0.258917 0.40297 0.352124 0.47451
1 0.805165 0.155141 0.210812 0.310283
1 0.453084 0.115308 0.205382 0.230615
1 0.543249 0.622288 0.203418 0.316525
1 0.272838 0.776128 0.18746 0.259939
1 0.655045 0.218222 0.180747 0.255905
1 0.895553 0.590078 0.197099 0.237563
1 0.721062 0.743485 0.206196 0.223457
1 0.880511 0.832062 0.174128 0.227085
1 0.589646 0.0787256 0.145344 0.152078
1 0.2644 0.482013 0.146006 0.276971
1 0.305427 0.0693453 0.172869 0.138691
1 0.234352 0.752678 0.228573 0.285895
1 0.824915 0.555621 0.200023 0.238925
1 0.742922 0.408837 0.19952 0.261611
1 0.895519 0.292317 0.203108 0.318009
1 0.362497 0.556851 0.179713 0.258195
1 0.502993 0.476115 0.13035 0.207202
1 0.602464 0.464314 0.133304 0.20283
1 0.366128 0.907223 0.177341 0.179462
1 0.814174 0.511164 0.354288 0.328192
1 0.122847 0.21061 0.240576 0.271283
1 0.118743 0.1053 0.236306 0.210601
1 0.070248 0.647622 0.14044 0.257715
1 0.579077 0.343387 0.421407 0.376134
1 0.689028 0.39368 0.075656 0.0976048
1 0.455466 0.509975 0.0853489 0.112874
1 0.860085 0.490009 0.096792 0.136697
1 0.158895 0.510125 0.0949802 0.159184
1 0.639339 0.309075 0.0799997 0.12558
1 0.914873 0.151068 0.118912 0.148835
1 0.769274 0.457934 0.106998 0.138048
1 0.707378 0.335492 0.0889717 0.126015
1 0.720009 0.896842 0.0888909 0.114285
1 0.574063 0.260774 0.0784562 0.115769
1 0.506648 0.704969 0.097547 0.119313
1 0.289614 0.802276 0.102804 0.141362
1 0.573219 0.258742 0.0934018 0.142104
1 0.475854 0.292149 0.0774798 0.136196
1 0.407176 0.183946 0.0866232 0.104362
1 0.478604 0.293026 0.095805 0.160695
1 0.710003 0.336154 0.113953 0.16271
1 0.58855 0.679409 0.0746895 0.104431
1 0.533678 0.727388 0.1162 0.171482
1 0.269786 0.475363 0.128338 0.148396
1 0.634148 0.749855 0.123094 0.153741
1 0.21004 0.550339 0.0923663 0.13905
1 0.689184 0.391913 0.10338 0.136265
1 0.240542 0.104197 0.228223 0.204315
1 0.690531 0.480555 0.10446 0.137073
1 0.122037 0.589486 0.111312 0.154231
1 0.954049 0.154759 0.0914326 0.193236
1 0.563372 0.311138 0.108762 0.153546
1 0.663101 0.385899 0.130397 0.181252
1 0.382649 0.24228 0.12087 0.14362
1 0.0500029 0.0860818 0.100006 0.169
1 0.338561 0.0787718 0.147145 0.157544
1 0.323828 0.759513 0.0866362 0.135446
1 0.920696 0.541575 0.15144 0.221917
1 0.423182 0.344565 0.126655 0.142649
1 0.108581 0.444895 0.117353 0.147509
1 0.192133 0.529093 0.155157 0.214634
1 0.44821 0.116104 0.203243 0.232208
1 0.793348 0.153601 0.206037 0.307202
1 0.532567 0.621679 0.202725 0.313393
1 0.265656 0.779124 0.180752 0.261776
1 0.642063 0.217696 0.168137 0.247964
1 0.890851 0.589467 0.18754 0.241942
1 0.711822 0.744524 0.212025 0.203353
1 0.85363 0.830376 0.151596 0.225496
1 0.590371 0.0838346 0.160313 0.167669
1 0.25798 0.477018 0.14532 0.26437
1 0.299658 0.0684197 0.164217 0.136839
1 0.0921866 0.284851 0.180492 0.261002
1 0.342929 0.793254 0.16351 0.21252
1 0.721522 0.215304 0.191393 0.221019
1 0.594325 0.634871 0.167029 0.2432
1 0.492199 0.629625 0.133437 0.183458
1 0.469342 0.239765 0.142926 0.14979
1 0.292194 0.197085 0.172823 0.256678
1 0.689345 0.499083 0.135403 0.142255
1 0.69647 0.665832 0.0858099 0.0962277
1 0.236727 0.85795 0.181514 0.238246
1 0.654713 0.377052 0.143269 0.197067
1 0.823248 0.792125 0.132647 0.174895
1 0.28268 0.12864 0.16624 0.222941
1 0.395744 0.509555 0.110309 0.175395
1 0.0533869 0.275105 0.10621 0.249012
1 0.809022 0.376614 0.0869832 0.120309
1 0.338731 0.71857 0.235115 0.373228
1 0.660059 0.336074 0.195312 0.259293
1 0.539876 0.706129 0.230511 0.351239
1 0.745594 0.488422 0.101907 0.135279
1 0.655681 0.558902 0.0946049 0.118957
1 0.954716 0.42148 0.0894317 0.130509
1 0.712275 0.890338 0.113132 0.128309
1 0.216854 0.464366 0.127186 0.142462
1 0.220148 0.336424 0.0853523 0.114671
1 0.941517 0.72023 0.0948223 0.116187
1 0.45884 0.635393 0.416785 0.604226
1 0.620706 0.35711 0.2105 0.294857
1 0.324081 0.491057 0.18675 0.235324
1 0.456641 0.408093 0.144554 0.188315
1 0.233234 0.701714 0.329198 0.39395
1 0.510834 0.483281 0.336619 0.442845
1 0.755702 0.487627 0.228193 0.342582
0 0.531604 0.475223 0.685977 0.920024
0 0.419198 0.467396 0.517056 0.831573
1 0.78345 0.314703 0.157246 0.118167
1 0.744921 0.402921 0.189866 0.17655
1 0.765935 0.561605 0.167347 0.105454
1 0.743302 0.41126 0.195677 0.122286
1 0.514519 0.888084 0.444984 0.209482
1 0.294916 0.755472 0.186551 0.282541
1 0.813043 0.295342 0.206212 0.320268
1 0.742248 0.564812 0.162083 0.24125
1 0.676508 0.406877 0.157636 0.261402
1 0.390282 0.548247 0.146004 0.274961
1 0.511843 0.103419 0.239661 0.206838
1 0.78571 0.709999 0.175149 0.229367
1 0.514095 0.301941 0.176179 0.307965
1 0.28796 0.715093 0.169267 0.228309
1 0.194257 0.56975 0.127637 0.213833
1 0.388888 0.573113 0.115698 0.195393
1 0.493925 0.338314 0.169745 0.249734
1 0.694595 0.501611 0.180952 0.21909
1 0.291015 0.759095 0.180319 0.349385
1 0.415948 0.830448 0.128824 0.216864
1 0.690407 0.467346 0.202016 0.283146
1 0.304538 0.830639 0.15256 0.213933
1 0.880166 0.113987 0.125641 0.183253
1 0.345842 0.415372 0.188 0.253445
1 0.473929 0.518343 0.15147 0.201676
1 0.382834 0.126832 0.174681 0.231287
1 0.813498 0.492373 0.129554 0.169374
1 0.157216 0.522264 0.124046 0.179893
1 0.254014 0.190533 0.152891 0.220045
1 0.307148 0.826065 0.180014 0.27956
1 0.201255 0.88381 0.130588 0.20337
1 0.892339 0.390602 0.173491 0.233125
1 0.849805 0.586145 0.153981 0.260297
1 0.510008 0.336435 0.171664 0.24094
1 0.603619 0.37782 0.193588 0.261233
1 0.954197 0.0904125 0.0908788 0.167732
1 0.632593 0.281611 0.0971505 0.157675
1 0.56771 0.144959 0.142087 0.0943024
1 0.467529 0.632476 0.141527 0.103606
1 0.485126 0.703772 0.120778 0.108786
1 0.517156 0.481405 0.189281 0.192574
1 0.526084 0.488426 0.162647 0.137313
1 0.481876 0.794613 0.164178 0.107756
1 0.656826 0.624321 0.214285 0.171952
1 0.295873 0.403948 0.375587 0.512663
0 0.639858 0.417518 0.453143 0.607511
1 0.814174 0.511164 0.354288 0.328192
1 0.122847 0.21061 0.240576 0.271283
1 0.118743 0.1053 0.236306 0.210601
1 0.070248 0.647622 0.14044 0.257715
1 0.579077 0.343387 0.421407 0.376134
0 0.909941 0.627301 0.180117 0.745398
1 0.732303 0.573675 0.161186 0.196313
1 0.954163 0.198497 0.0910713 0.209465
1 0.956779 0.407999 0.0853321 0.185584
1 0.745001 0.182182 0.151956 0.151449
1 0.484413 0.458831 0.115665 0.134198
1 0.0929226 0.0646018 0.182747 0.129204
1 0.906167 0.0822807 0.173023 0.159852
1 0.202001 0.608443 0.159117 0.150296
1 0.52649 0.5736 0.250707 0.273939
1 0.152202 0.533771 0.268601 0.374348
1 0.755197 0.481563 0.288858 0.391965
1 0.391204 0.848133 0.371996 0.280812
